3926
149
150
152
153
154
207
317
329
337
347
366
385
395
400
410
415
417
434
436
437
449
458
874
942
1247
1250
1252
1253
1448
1458
1459
1490
1500
1511
1815
1832
1834
2004
2009
2013
2020
2028
2282
2310
2312
2325
2421
2422
2423
2424
2426
2428
2429
2430
2431
2434
2435
2436
2438
2589
2618
2619
2620
2622
2735
2775
2789
2810
2902
2908
2911
2913
2915
2917
2918
2919
2921
3026
3027
3029
3514
3519
3823
3861
3862
3863
3923
3929
3930
3934
3938
3943
3951
3955
3956
3957
3959
3960
3963
3968
3976
3993
4271
4564
4565
4566
4568
4569
4573
4788
4792
4806
4807
4808
4885
4910
4912
4913
4915
4916
4917
4922
4923
4932
5065
5241
5242
5246
5248
5253
5268
5272
5275
5286
5289
5292
5293
5296
5298
5319
5322
5346
5354
5358
5369
5378
5380
5381
5658
5659
5683
5688
5717
5723
5770
5772
5783
5869
5876
5878
5879
5891
6164
6196
6203
6207
6232
6407
6411
6432
6433
6445
6468
6471
6474
6476
6483
6499
6521
6526
6535
6539
6541
6547
6552
6556
6560
6562
6566
6578
6579
6591
6598
6606
6649
6650
6881
7752
8158
8231
8360
8362
8544
8557
8611
8870
9155
9238
9416
9421
9470
9508
9511
9552
9568
9590
9594
9598
9601
9608
9609
9659
9660
9661
9666
9668
9672
9674
9678
9679
9681
9682
9685
9686
9690
9692
9772
9773
9774
9775
9776
9777
9778
9779
9780
9781
9782
9783
9784
9785
9786
9787
9788
9789
9790
9791
9792
9793
9859
9900
9903
9914
9922
9923
9926
9945
9946
9947
9948
9949
9950
9951
9952
9953
9954
9955
9956
9957
9958
9959
9975
