4702
0
1
2
7
13
15
17
19
21
24
25
27
30
34
37
38
44
46
47
48
49
50
51
52
53
54
55
57
58
60
61
62
64
65
66
67
69
70
71
72
73
76
79
80
81
82
83
84
85
89
91
92
93
94
95
96
97
98
99
100
101
102
103
104
105
106
107
109
110
111
112
113
114
115
116
117
118
119
121
122
123
124
125
126
127
128
129
130
131
133
134
135
136
137
139
140
142
143
145
146
147
148
151
155
156
159
164
165
171
173
177
178
179
180
181
182
184
185
187
188
189
190
193
194
200
201
202
203
204
205
208
209
210
212
213
215
216
217
218
219
224
225
226
227
229
231
232
233
234
237
238
239
240
242
243
244
245
246
247
248
249
250
251
252
253
255
256
257
258
263
264
265
266
267
270
271
273
275
277
278
279
280
281
287
288
291
292
293
294
295
296
297
298
301
302
304
306
307
308
309
310
311
313
314
316
321
322
324
325
327
328
330
331
332
333
334
336
338
339
340
341
342
344
345
346
348
349
351
352
354
356
358
360
361
362
363
364
365
367
369
371
375
376
377
378
379
382
387
389
390
391
402
403
404
405
406
408
409
414
418
421
423
424
426
427
428
429
431
433
435
440
441
442
443
444
445
446
447
448
450
451
452
454
456
457
460
462
467
468
469
470
471
472
473
474
476
477
478
485
486
487
489
490
492
493
494
497
503
508
510
514
515
516
517
518
520
521
523
524
526
533
534
535
536
537
550
560
567
574
614
616
617
618
619
620
622
624
625
626
627
628
630
631
633
634
635
636
637
638
640
641
642
643
644
645
646
649
650
651
652
653
654
655
658
659
660
661
662
663
664
665
666
667
668
669
670
671
672
673
675
677
678
679
681
682
683
684
685
686
689
690
691
692
693
694
696
697
698
699
700
701
702
703
704
705
706
707
708
709
710
711
712
713
714
715
716
717
718
720
721
722
723
724
725
726
727
728
729
731
732
733
734
735
736
737
738
739
740
741
742
743
744
745
747
748
749
750
751
752
753
754
755
756
757
758
759
760
761
762
763
764
766
767
768
769
770
772
773
774
793
794
796
797
799
800
801
802
803
804
805
806
807
808
809
810
812
820
821
822
823
824
826
831
833
836
837
839
840
841
842
843
844
845
846
847
848
849
850
851
852
853
854
855
856
857
858
859
860
861
862
864
865
866
867
869
870
871
872
873
875
876
877
878
879
880
881
882
883
884
885
887
888
889
890
891
892
893
894
895
896
899
900
901
902
903
904
905
907
908
909
910
911
912
913
914
915
916
917
918
919
920
921
922
923
924
925
926
927
928
930
931
932
936
937
938
939
940
941
943
944
945
946
947
948
949
950
951
952
953
957
958
959
961
963
964
965
966
968
970
971
972
975
976
977
978
979
980
981
982
983
984
985
986
987
988
989
990
991
992
993
994
995
996
997
998
999
1000
1001
1002
1003
1004
1005
1006
1007
1008
1010
1011
1013
1014
1016
1019
1020
1023
1025
1026
1027
1030
1031
1032
1033
1034
1039
1043
1044
1047
1050
1052
1058
1059
1061
1063
1067
1074
1075
1076
1078
1080
1081
1082
1084
1085
1086
1087
1089
1090
1092
1095
1096
1097
1103
1105
1106
1108
1110
1111
1113
1118
1119
1121
1123
1124
1130
1132
1133
1136
1138
1143
1147
1150
1152
1153
1156
1158
1160
1164
1165
1166
1167
1168
1172
1173
1175
1176
1177
1178
1179
1180
1181
1182
1185
1190
1191
1193
1194
1197
1199
1200
1201
1202
1203
1204
1205
1206
1207
1208
1209
1210
1211
1212
1213
1214
1215
1216
1217
1218
1219
1221
1222
1223
1224
1225
1226
1227
1228
1229
1230
1231
1233
1234
1235
1237
1238
1239
1240
1242
1244
1251
1256
1257
1258
1259
1260
1261
1262
1263
1264
1265
1266
1267
1268
1269
1270
1271
1272
1273
1274
1275
1276
1277
1278
1279
1280
1281
1282
1283
1284
1285
1286
1287
1288
1289
1290
1291
1292
1293
1294
1295
1296
1297
1298
1299
1300
1301
1302
1303
1304
1305
1306
1307
1308
1309
1310
1311
1312
1313
1314
1315
1316
1317
1318
1319
1320
1321
1322
1323
1324
1325
1326
1327
1328
1329
1330
1331
1332
1333
1334
1335
1336
1337
1338
1339
1340
1341
1342
1343
1344
1345
1346
1347
1348
1349
1350
1351
1352
1353
1354
1355
1356
1357
1358
1359
1360
1361
1362
1363
1364
1365
1366
1367
1368
1369
1370
1371
1372
1373
1374
1375
1376
1377
1378
1379
1394
1397
1398
1399
1400
1401
1402
1403
1404
1405
1406
1407
1408
1409
1410
1411
1412
1413
1414
1415
1416
1417
1418
1419
1420
1421
1422
1423
1424
1425
1426
1427
1428
1429
1430
1431
1432
1433
1434
1435
1436
1437
1438
1439
1440
1441
1443
1444
1445
1446
1447
1449
1450
1451
1452
1453
1454
1455
1456
1457
1460
1461
1462
1463
1464
1465
1466
1467
1468
1469
1470
1471
1472
1473
1474
1475
1476
1477
1478
1479
1480
1481
1482
1483
1484
1486
1487
1488
1489
1491
1492
1493
1495
1496
1498
1499
1501
1502
1503
1504
1505
1506
1507
1508
1509
1510
1512
1513
1514
1515
1517
1522
1523
1524
1527
1530
1531
1533
1536
1542
1544
1545
1546
1547
1548
1549
1550
1551
1552
1554
1555
1556
1557
1558
1559
1560
1561
1562
1563
1565
1566
1567
1568
1569
1570
1571
1572
1574
1575
1576
1578
1580
1581
1582
1583
1584
1585
1586
1587
1589
1590
1591
1592
1593
1594
1596
1597
1598
1599
1600
1601
1602
1603
1604
1605
1606
1607
1608
1609
1610
1611
1612
1613
1617
1618
1620
1621
1622
1623
1624
1625
1626
1627
1628
1629
1630
1631
1632
1633
1634
1635
1637
1639
1640
1642
1644
1645
1646
1647
1648
1649
1652
1653
1654
1656
1657
1658
1659
1660
1661
1663
1664
1665
1669
1675
1687
1690
1691
1692
1697
1698
1703
1704
1705
1709
1710
1711
1713
1716
1717
1718
1721
1722
1724
1725
1727
1732
1733
1734
1736
1738
1739
1740
1743
1745
1746
1753
1754
1755
1756
1757
1761
1763
1767
1768
1770
1771
1772
1774
1776
1778
1782
1783
1784
1785
1787
1789
1791
1792
1793
1796
1797
1798
1799
1800
1801
1802
1803
1804
1805
1806
1807
1808
1810
1811
1812
1813
1814
1816
1817
1818
1819
1820
1821
1822
1823
1825
1826
1827
1828
1829
1831
1835
1836
1837
1838
1839
1840
1841
1842
1843
1844
1845
1846
1847
1848
1849
1850
1851
1853
1854
1855
1856
1857
1858
1860
1861
1862
1863
1864
1866
1867
1868
1869
1870
1871
1872
1873
1875
1876
1877
1878
1879
1880
1881
1882
1883
1884
1885
1886
1887
1888
1889
1890
1891
1892
1893
1894
1895
1896
1897
1898
1899
1900
1901
1902
1903
1904
1905
1906
1907
1908
1909
1910
1911
1912
1913
1914
1915
1916
1917
1918
1919
1920
1921
1922
1923
1926
1952
1953
1954
1959
1968
1975
1980
1991
1993
1994
1995
1996
1997
1998
1999
2000
2001
2002
2003
2005
2006
2007
2008
2010
2011
2012
2014
2015
2016
2017
2018
2019
2021
2022
2023
2032
2034
2036
2039
2054
2068
2070
2078
2079
2093
2095
2104
2112
2118
2120
2121
2122
2125
2127
2128
2134
2141
2142
2161
2168
2172
2173
2174
2175
2176
2177
2178
2179
2180
2181
2182
2183
2184
2185
2186
2187
2188
2189
2191
2192
2193
2194
2195
2196
2197
2198
2199
2200
2201
2202
2204
2205
2206
2207
2208
2209
2210
2211
2212
2213
2215
2216
2217
2218
2219
2220
2221
2222
2223
2224
2225
2226
2227
2228
2229
2230
2231
2232
2233
2234
2235
2237
2238
2239
2240
2241
2242
2243
2244
2245
2246
2247
2248
2249
2250
2251
2252
2253
2254
2255
2256
2257
2258
2259
2260
2261
2263
2266
2267
2269
2272
2273
2275
2277
2280
2281
2283
2287
2290
2291
2292
2293
2295
2297
2298
2299
2301
2302
2303
2304
2305
2307
2309
2311
2314
2317
2318
2319
2320
2321
2322
2323
2324
2326
2327
2329
2330
2332
2333
2335
2337
2338
2339
2340
2341
2342
2343
2344
2345
2352
2355
2356
2357
2358
2359
2360
2361
2363
2364
2365
2366
2367
2368
2369
2371
2372
2374
2375
2377
2378
2379
2380
2381
2382
2383
2384
2385
2386
2387
2388
2389
2390
2391
2393
2394
2395
2396
2398
2399
2400
2403
2404
2405
2406
2407
2408
2409
2410
2411
2425
2427
2432
2433
2437
2439
2440
2441
2442
2443
2445
2448
2449
2451
2452
2453
2461
2463
2466
2467
2468
2469
2471
2474
2476
2477
2478
2479
2480
2481
2482
2483
2484
2485
2486
2553
2554
2555
2556
2557
2558
2559
2560
2561
2562
2563
2564
2565
2566
2567
2568
2569
2570
2571
2572
2573
2575
2578
2579
2581
2582
2585
2587
2588
2590
2592
2594
2596
2600
2601
2602
2603
2604
2608
2610
2612
2613
2614
2623
2624
2626
2627
2628
2630
2631
2632
2633
2634
2635
2636
2637
2638
2639
2643
2644
2645
2646
2647
2649
2650
2651
2652
2653
2674
2675
2676
2677
2678
2679
2681
2682
2683
2684
2685
2686
2687
2689
2690
2691
2692
2693
2694
2695
2696
2697
2698
2699
2700
2701
2702
2703
2704
2705
2706
2707
2708
2710
2711
2712
2714
2715
2716
2718
2719
2720
2721
2722
2723
2724
2725
2726
2727
2728
2730
2731
2732
2733
2734
2736
2737
2738
2739
2740
2741
2742
2743
2744
2745
2749
2750
2751
2752
2754
2755
2757
2758
2759
2760
2761
2762
2763
2764
2765
2766
2767
2768
2769
2770
2771
2772
2773
2774
2776
2777
2778
2779
2780
2781
2782
2784
2785
2786
2787
2788
2790
2791
2792
2793
2794
2796
2798
2800
2801
2802
2804
2805
2806
2807
2809
2811
2812
2814
2815
2817
2818
2820
2822
2823
2824
2825
2826
2828
2829
2831
2832
2833
2834
2835
2838
2839
2840
2841
2842
2843
2844
2845
2851
2856
2860
2861
2865
2873
2878
2883
2885
2888
2889
2890
2892
2893
2894
2900
2904
2906
2907
2909
2910
2912
2914
2916
2931
2932
2935
2936
2937
2938
2939
2940
2941
2942
2943
2944
2945
2946
2947
2948
2949
2950
2951
2953
2954
2955
2956
2957
2959
2960
2961
2962
2963
2964
2965
2967
2968
2969
2970
2971
2972
2973
2974
2975
2976
2977
2978
2980
2981
2982
2983
2984
2985
2986
2987
2988
2989
2990
2991
2992
2993
2994
2995
2996
2997
2998
2999
3000
3001
3002
3003
3004
3005
3006
3007
3008
3009
3010
3012
3016
3018
3019
3020
3022
3024
3031
3034
3035
3043
3045
3046
3050
3051
3053
3054
3055
3056
3059
3061
3063
3065
3068
3070
3071
3072
3074
3075
3079
3082
3084
3086
3088
3091
3095
3097
3098
3102
3103
3104
3105
3106
3107
3108
3110
3111
3113
3115
3118
3120
3121
3122
3123
3125
3126
3127
3128
3129
3130
3132
3133
3134
3142
3143
3145
3146
3147
3148
3149
3150
3151
3152
3153
3154
3155
3156
3157
3158
3159
3160
3161
3162
3163
3164
3165
3166
3167
3168
3169
3170
3171
3172
3173
3174
3175
3176
3177
3178
3179
3180
3181
3182
3183
3184
3185
3186
3187
3188
3189
3190
3191
3192
3193
3194
3195
3196
3197
3198
3199
3200
3201
3202
3203
3204
3205
3206
3207
3208
3209
3210
3211
3212
3213
3214
3215
3217
3218
3219
3220
3221
3222
3223
3224
3225
3226
3227
3228
3230
3231
3232
3233
3234
3235
3236
3237
3238
3239
3241
3242
3243
3244
3245
3246
3247
3248
3249
3250
3251
3252
3253
3254
3255
3256
3258
3259
3260
3261
3262
3263
3264
3265
3266
3267
3268
3269
3271
3272
3273
3275
3277
3278
3279
3282
3284
3285
3286
3287
3291
3295
3296
3301
3303
3305
3309
3310
3311
3315
3316
3317
3318
3320
3323
3324
3325
3326
3330
3331
3332
3335
3338
3339
3341
3342
3343
3347
3351
3352
3355
3361
3362
3363
3364
3365
3366
3368
3370
3375
3377
3378
3379
3380
3381
3384
3387
3389
3390
3392
3394
3395
3398
3400
3401
3405
3408
3409
3413
3415
3416
3422
3423
3425
3426
3427
3428
3431
3432
3433
3435
3436
3440
3442
3449
3450
3453
3456
3457
3458
3460
3462
3464
3468
3472
3474
3475
3477
3479
3480
3481
3482
3484
3486
3487
3491
3501
3502
3503
3505
3506
3507
3508
3509
3510
3511
3512
3513
3515
3516
3517
3518
3520
3521
3522
3523
3524
3525
3526
3527
3528
3529
3530
3531
3532
3533
3534
3535
3536
3537
3538
3539
3540
3541
3542
3543
3544
3545
3547
3557
3560
3599
3603
3612
3613
3614
3615
3616
3617
3618
3619
3620
3621
3623
3626
3627
3629
3630
3631
3632
3633
3635
3636
3637
3639
3640
3641
3642
3643
3644
3645
3646
3647
3648
3649
3650
3652
3653
3654
3655
3656
3657
3659
3660
3661
3662
3663
3664
3665
3666
3667
3670
3671
3675
3676
3677
3678
3679
3680
3682
3684
3685
3687
3688
3689
3690
3691
3693
3694
3695
3696
3697
3698
3699
3701
3702
3703
3704
3706
3707
3708
3709
3710
3711
3712
3713
3714
3715
3716
3717
3721
3722
3723
3724
3726
3727
3728
3729
3730
3731
3733
3734
3735
3736
3737
3738
3740
3741
3742
3744
3745
3746
3748
3749
3750
3753
3755
3756
3758
3759
3760
3761
3762
3763
3764
3765
3766
3767
3768
3769
3770
3772
3773
3774
3776
3777
3778
3779
3780
3781
3782
3783
3784
3785
3786
3787
3788
3789
3791
3796
3797
3798
3799
3802
3803
3805
3808
3809
3810
3811
3812
3813
3815
3816
3817
3818
3819
3820
3822
3824
3825
3826
3827
3828
3831
3832
3833
3834
3836
3838
3839
3842
3843
3846
3847
3848
3851
3852
3854
3855
3856
3858
3860
3865
3866
3867
3872
3876
3877
3878
3880
3881
3882
3883
3884
3885
3887
3889
3892
3893
3894
3896
3897
3901
3904
3907
3909
3910
3912
3916
3919
3920
3921
3922
3924
3925
3927
3931
3932
3933
3935
3936
3939
3940
3941
3942
3944
3945
3946
3947
3948
3949
3950
3952
3953
3954
3958
3961
3962
3964
3965
3966
3967
3969
3970
3971
3972
3973
3974
3975
3977
3979
3980
3981
3982
3983
3984
3985
3986
3987
3988
3989
3990
3991
3992
3994
3995
3996
3997
3999
4012
4019
4020
4027
4035
4048
4050
4058
4060
4063
4065
4069
4073
4086
4087
4089
4091
4092
4096
4098
4099
4100
4103
4105
4106
4107
4114
4115
4116
4117
4118
4119
4122
4128
4129
4134
4135
4139
4150
4152
4153
4156
4157
4164
4166
4167
4169
4175
4176
4186
4188
4196
4197
4198
4200
4202
4210
4211
4213
4216
4219
4223
4226
4227
4228
4238
4244
4245
4249
4250
4256
4272
4288
4291
4297
4303
4305
4306
4308
4310
4312
4313
4314
4320
4321
4323
4325
4328
4330
4342
4355
4358
4365
4382
4389
4402
4404
4406
4412
4414
4415
4443
4446
4458
4460
4463
4469
4475
4488
4496
4502
4509
4513
4515
4517
4518
4525
4526
4534
4539
4543
4561
4562
4563
4570
4571
4574
4576
4580
4581
4582
4583
4584
4585
4586
4588
4590
4591
4593
4595
4596
4597
4599
4601
4602
4605
4608
4609
4610
4613
4614
4615
4616
4618
4620
4621
4623
4624
4625
4626
4627
4629
4631
4633
4689
4690
4691
4692
4693
4694
4695
4696
4697
4698
4699
4700
4701
4703
4704
4705
4706
4707
4708
4709
4710
4711
4712
4713
4714
4715
4717
4718
4719
4720
4722
4723
4724
4725
4726
4727
4728
4729
4730
4731
4732
4733
4734
4735
4736
4737
4738
4739
4740
4741
4742
4743
4744
4745
4746
4747
4748
4749
4750
4751
4752
4753
4754
4755
4756
4757
4758
4759
4760
4761
4762
4763
4764
4765
4766
4767
4768
4769
4770
4771
4772
4783
4784
4785
4786
4787
4789
4791
4793
4794
4795
4797
4798
4799
4800
4801
4802
4803
4804
4805
4809
4810
4811
4812
4813
4848
4856
4858
4859
4861
4862
4863
4864
4865
4866
4867
4868
4869
4870
4871
4872
4873
4874
4875
4876
4877
4878
4879
4880
4881
4882
4883
4884
4886
4887
4890
4895
4899
4900
4901
4902
4903
4904
4905
4906
4907
4919
4920
4921
4924
4925
4926
4927
4928
4929
4937
4938
4940
4941
4942
4943
4944
4946
4947
4949
4954
4955
4956
4957
4958
4960
4961
4962
4964
4967
4969
4971
4972
4973
4976
4977
4978
4979
4980
4982
4983
4985
4988
4989
4992
4994
4996
4997
4999
5000
5003
5004
5005
5006
5007
5011
5012
5013
5016
5017
5018
5019
5021
5022
5023
5024
5025
5026
5027
5028
5029
5030
5031
5032
5033
5034
5035
5036
5037
5038
5039
5041
5042
5043
5044
5045
5046
5047
5048
5049
5050
5051
5052
5053
5054
5055
5056
5057
5058
5059
5060
5061
5062
5063
5064
5066
5067
5068
5069
5070
5071
5072
5073
5074
5075
5076
5077
5078
5079
5080
5081
5082
5083
5084
5085
5088
5089
5090
5091
5092
5093
5094
5095
5096
5097
5099
5100
5101
5102
5103
5104
5105
5106
5107
5108
5109
5110
5111
5112
5113
5115
5116
5117
5118
5119
5120
5121
5122
5123
5125
5126
5127
5128
5129
5131
5132
5133
5134
5135
5136
5137
5138
5139
5140
5141
5142
5144
5145
5146
5148
5149
5150
5151
5152
5154
5155
5156
5157
5158
5160
5161
5162
5163
5164
5165
5166
5167
5168
5169
5170
5171
5172
5173
5174
5175
5177
5179
5180
5183
5184
5185
5186
5187
5188
5189
5190
5191
5192
5193
5194
5195
5196
5197
5198
5200
5201
5202
5203
5205
5206
5207
5208
5209
5210
5211
5212
5213
5214
5215
5218
5219
5220
5221
5222
5223
5224
5225
5226
5227
5228
5229
5230
5231
5232
5234
5235
5236
5237
5238
5239
5240
5243
5244
5245
5247
5255
5256
5257
5258
5259
5263
5265
5266
5267
5271
5274
5277
5279
5280
5281
5283
5284
5288
5290
5294
5301
5302
5303
5304
5305
5307
5308
5312
5314
5315
5316
5320
5323
5326
5327
5330
5331
5333
5337
5340
5341
5343
5344
5347
5349
5351
5355
5359
5363
5364
5366
5367
5370
5371
5372
5374
5375
5377
5379
5382
5383
5384
5385
5386
5387
5388
5389
5390
5391
5392
5393
5395
5397
5398
5400
5402
5404
5405
5406
5408
5409
5410
5411
5412
5413
5414
5415
5416
5418
5419
5420
5421
5422
5423
5424
5425
5426
5427
5428
5429
5430
5431
5432
5433
5434
5435
5436
5437
5438
5439
5440
5442
5443
5445
5446
5447
5448
5449
5450
5451
5452
5453
5468
5469
5470
5471
5481
5482
5486
5495
5503
5508
5517
5519
5526
5527
5528
5529
5533
5536
5538
5541
5542
5543
5544
5545
5546
5551
5553
5556
5571
5575
5576
5577
5578
5582
5585
5588
5590
5595
5607
5630
5642
5660
5662
5664
5666
5667
5672
5682
5684
5691
5692
5694
5695
5704
5705
5706
5707
5708
5709
5710
5711
5712
5714
5719
5721
5725
5726
5727
5729
5730
5731
5732
5734
5735
5737
5738
5739
5740
5742
5743
5746
5748
5750
5751
5752
5754
5756
5757
5759
5764
5767
5768
5769
5774
5775
5777
5778
5779
5780
5782
5784
5785
5788
5789
5790
5791
5793
5795
5796
5797
5799
5801
5802
5803
5804
5805
5806
5807
5808
5809
5810
5811
5812
5870
5871
5872
5873
5874
5875
5877
5880
5881
5882
5883
5884
5885
5886
5887
5888
5889
5890
5892
5893
5894
5895
5896
5897
5898
5899
5900
5901
5902
5903
5904
5905
5906
5907
5908
5909
5910
5911
5912
5913
5914
5915
5916
5927
5928
5929
5939
5940
5942
5943
5946
5949
5952
5953
5956
5960
5962
5964
5965
5974
5975
5976
5979
5982
5983
5985
5990
5992
5993
5994
5995
5996
6000
6002
6003
6006
6007
6008
6009
6010
6012
6013
6015
6018
6019
6021
6026
6027
6028
6029
6030
6031
6032
6033
6034
6035
6036
6037
6038
6039
6040
6042
6043
6044
6045
6046
6047
6048
6049
6050
6051
6052
6053
6054
6055
6056
6058
6059
6060
6061
6062
6063
6064
6065
6066
6067
6068
6069
6070
6071
6072
6073
6074
6075
6076
6077
6078
6079
6080
6081
6082
6083
6085
6086
6087
6088
6089
6090
6091
6092
6093
6094
6095
6096
6097
6098
6099
6100
6101
6102
6103
6104
6105
6106
6107
6108
6109
6110
6111
6112
6113
6114
6115
6116
6117
6118
6119
6120
6121
6122
6123
6124
6126
6130
6134
6135
6140
6148
6149
6157
6159
6186
6188
6198
6201
6204
6214
6225
6226
6235
6261
6265
6267
6268
6269
6270
6272
6274
6275
6276
6278
6281
6282
6283
6284
6285
6286
6287
6288
6289
6290
6291
6294
6295
6297
6299
6301
6303
6305
6306
6307
6309
6310
6311
6312
6313
6314
6316
6317
6318
6319
6320
6322
6323
6325
6327
6328
6329
6330
6332
6333
6334
6335
6337
6338
6340
6344
6345
6346
6351
6352
6353
6356
6357
6358
6359
6362
6363
6364
6365
6366
6367
6370
6372
6373
6374
6375
6376
6377
6378
6380
6381
6382
6386
6387
6388
6394
6396
6397
6402
6404
6406
6408
6410
6416
6417
6419
6420
6422
6423
6426
6427
6431
6436
6437
6439
6442
6444
6446
6451
6454
6463
6464
6465
6466
6467
6470
6472
6473
6478
6481
6482
6487
6489
6490
6491
6496
6508
6509
6513
6517
6520
6525
6528
6533
6540
6544
6545
6546
6549
6550
6551
6553
6554
6557
6558
6561
6563
6567
6569
6571
6573
6576
6577
6584
6585
6586
6590
6592
6595
6601
6602
6604
6605
6608
6615
6616
6617
6618
6619
6620
6621
6623
6624
6625
6626
6627
6628
6630
6632
6633
6634
6638
6639
6640
6641
6643
6644
6645
6646
6651
6652
6653
6654
6655
6656
6657
6659
6660
6661
6662
6663
6664
6665
6666
6667
6668
6670
6672
6673
6674
6675
6676
6677
6678
6680
6681
6682
6683
6684
6685
6686
6687
6688
6689
6691
6693
6694
6696
6697
6698
6700
6701
6702
6703
6704
6705
6706
6707
6708
6709
6710
6711
6712
6713
6714
6715
6717
6718
6719
6720
6721
6722
6723
6724
6725
6726
6727
6728
6730
6731
6732
6733
6734
6735
6737
6738
6739
6740
6741
6744
6745
6746
6747
6748
6749
6750
6752
6753
6754
6755
6756
6758
6759
6760
6761
6762
6763
6764
6765
6766
6767
6768
6769
6771
6772
6773
6775
6776
6777
6778
6779
6781
6782
6784
6785
6786
6787
6788
6789
6790
6791
6792
6793
6794
6795
6796
6797
6798
6799
6800
6801
6802
6803
6804
6806
6809
6810
6812
6813
6815
6816
6817
6820
6822
6823
6824
6825
6826
6827
6828
6829
6830
6832
6833
6834
6835
6836
6837
6838
6839
6840
6841
6842
6844
6845
6847
6848
6850
6851
6875
6879
6880
6882
6883
6884
6885
6886
6894
6896
6898
6906
6907
6911
6912
6914
6915
6916
6920
6921
6928
6929
6930
6931
6932
6936
6937
6938
6939
6941
6943
6945
6946
6947
6948
6950
6952
6953
6956
6958
6959
6960
6962
6963
6964
6994
7039
7040
7041
7042
7043
7044
7045
7046
7047
7049
7057
7061
7063
7069
7070
7077
7078
7083
7084
7086
7091
7095
7096
7098
7099
7105
7108
7111
7113
7117
7119
7124
7125
7128
7129
7131
7134
7145
7148
7152
7153
7161
7164
7165
7168
7170
7177
7179
7181
7188
7191
7192
7194
7195
7196
7198
7200
7201
7205
7218
7219
7221
7223
7230
7232
7235
7236
7242
7246
7248
7249
7253
7254
7255
7256
7257
7258
7259
7260
7261
7262
7263
7264
7265
7266
7267
7268
7269
7270
7271
7272
7273
7274
7275
7276
7277
7278
7281
7282
7286
7289
7293
7294
7297
7300
7301
7303
7306
7308
7309
7310
7311
7313
7314
7316
7321
7326
7332
7333
7334
7335
7336
7339
7341
7342
7343
7344
7346
7347
7348
7350
7351
7352
7353
7354
7356
7363
7364
7365
7367
7369
7370
7371
7372
7373
7374
7375
7376
7377
7379
7380
7381
7384
7387
7393
7397
7400
7402
7404
7405
7407
7419
7420
7421
7423
7424
7425
7426
7427
7428
7429
7430
7431
7432
7433
7434
7435
7437
7438
7440
7442
7443
7444
7447
7451
7452
7455
7484
7491
7497
7499
7500
7501
7503
7504
7506
7508
7509
7510
7511
7512
7513
7514
7515
7516
7517
7519
7520
7521
7523
7525
7529
7532
7536
7537
7539
7541
7542
7543
7545
7550
7551
7552
7554
7559
7563
7569
7570
7571
7572
7573
7574
7576
7578
7579
7580
7581
7582
7583
7586
7587
7588
7590
7591
7594
7597
7598
7601
7602
7646
7649
7655
7657
7658
7659
7660
7662
7663
7664
7665
7666
7669
7671
7672
7673
7674
7675
7679
7681
7684
7688
7691
7692
7693
7696
7698
7702
7705
7707
7713
7716
7717
7719
7720
7721
7724
7726
7729
7730
7732
7734
7735
7737
7738
7740
7742
7743
7744
7746
7750
7751
7753
7754
7755
7759
7761
7762
7767
7768
7773
7774
7776
7777
7779
7782
7783
7786
7788
7789
7790
7791
7794
7795
7797
7798
7803
7804
7807
7809
7811
7812
7813
7814
7816
7817
7822
7823
7827
7829
7831
7832
7836
7837
7838
7839
7840
7842
7843
7845
7846
7847
7850
7851
7852
7854
7857
7858
7860
7862
7863
7864
7865
7868
7869
7870
7871
7874
7875
7876
7877
7879
7881
7882
7884
7885
7887
7890
7892
7893
7894
7895
7897
7898
7900
7904
7905
7907
7909
7910
7912
7914
7916
7919
7920
7922
7923
7924
7925
7926
7927
7928
7929
7932
7934
7937
7938
7942
7943
7945
7950
7951
7952
7953
7955
7958
7959
7961
7963
7967
7968
7969
7971
7972
7974
7975
7976
7977
7980
7981
7982
7984
7985
7986
7988
8000
8001
8002
8003
8005
8008
8009
8010
8012
8013
8014
8016
8019
8020
8021
8022
8023
8024
8025
8027
8028
8030
8031
8032
8033
8034
8035
8036
8040
8041
8043
8044
8045
8046
8047
8048
8051
8054
8055
8057
8058
8059
8060
8061
8062
8065
8066
8067
8069
8070
8072
8073
8074
8076
8077
8079
8082
8083
8084
8089
8101
8122
8123
8124
8125
8126
8127
8128
8129
8130
8131
8132
8133
8135
8136
8137
8138
8139
8140
8141
8143
8144
8146
8147
8148
8149
8150
8151
8153
8154
8155
8156
8157
8161
8162
8163
8164
8165
8166
8168
8169
8170
8174
8176
8177
8179
8180
8184
8185
8186
8189
8191
8194
8197
8198
8199
8202
8203
8204
8206
8207
8211
8213
8214
8216
8218
8219
8220
8221
8222
8223
8226
8227
8228
8229
8232
8233
8234
8237
8240
8241
8242
8247
8248
8249
8250
8251
8252
8253
8254
8255
8258
8260
8261
8262
8263
8264
8265
8266
8268
8269
8270
8271
8273
8275
8276
8278
8280
8281
8282
8283
8285
8286
8288
8290
8291
8292
8293
8296
8297
8298
8299
8300
8301
8302
8305
8308
8310
8311
8312
8313
8314
8317
8318
8319
8320
8322
8323
8324
8328
8329
8330
8331
8332
8334
8336
8337
8338
8340
8341
8342
8343
8344
8346
8347
8348
8349
8350
8351
8352
8353
8354
8355
8356
8357
8358
8359
8363
8364
8368
8369
8375
8376
8377
8379
8380
8383
8387
8388
8390
8391
8392
8393
8394
8395
8396
8397
8398
8399
8400
8401
8402
8403
8404
8405
8406
8407
8408
8409
8410
8411
8412
8413
8414
8415
8416
8417
8418
8419
8420
8421
8422
8423
8424
8425
8426
8427
8429
8430
8431
8433
8434
8435
8436
8437
8438
8439
8440
8442
8443
8444
8445
8446
8448
8449
8450
8451
8452
8453
8454
8455
8456
8457
8458
8459
8461
8462
8463
8464
8465
8466
8467
8468
8469
8470
8471
8472
8473
8474
8475
8476
8477
8478
8479
8480
8481
8482
8483
8484
8485
8486
8487
8488
8489
8490
8491
8492
8543
8545
8546
8547
8548
8549
8550
8551
8552
8553
8554
8555
8556
8558
8559
8560
8561
8562
8563
8564
8565
8566
8567
8568
8569
8570
8571
8572
8573
8574
8575
8576
8577
8578
8579
8580
8581
8582
8583
8584
8585
8586
8587
8588
8589
8590
8592
8593
8594
8595
8596
8597
8598
8599
8600
8601
8602
8603
8605
8606
8608
8609
8610
8612
8613
8614
8615
8616
8618
8619
8621
8622
8623
8624
8625
8627
8629
8630
8631
8632
8633
8635
8636
8637
8638
8639
8640
8641
8642
8643
8644
8645
8646
8647
8648
8649
8650
8651
8652
8653
8654
8655
8656
8657
8658
8659
8660
8661
8662
8663
8664
8665
8666
8667
8668
8669
8671
8672
8673
8674
8675
8676
8677
8678
8679
8680
8681
8682
8683
8684
8685
8687
8688
8689
8690
8691
8692
8693
8694
8695
8696
8697
8698
8699
8700
8701
8702
8703
8704
8705
8706
8707
8708
8709
8710
8711
8712
8713
8714
8715
8716
8717
8718
8719
8720
8721
8722
8723
8724
8725
8726
8727
8728
8729
8730
8731
8732
8733
8736
8739
8740
8741
8742
8743
8744
8746
8747
8749
8753
8754
8756
8757
8761
8762
8763
8764
8767
8770
8771
8772
8773
8774
8775
8776
8777
8778
8779
8780
8781
8782
8783
8784
8785
8786
8787
8788
8789
8790
8791
8793
8794
8795
8796
8797
8798
8799
8800
8801
8802
8803
8804
8809
8812
8813
8815
8819
8821
8823
8828
8831
8833
8836
8838
8839
8841
8842
8849
8850
8851
8853
8856
8859
8860
8862
8866
8872
8875
8877
8881
8884
8885
8886
8887
8888
8891
8892
8893
8894
8895
8896
8900
8902
8917
8923
8934
8942
8943
8952
8953
8955
8959
8961
8964
8967
8968
8977
8982
8993
8995
8998
9005
9009
9013
9014
9019
9023
9024
9025
9029
9038
9042
9044
9045
9059
9063
9070
9076
9079
9081
9083
9085
9094
9109
9115
9117
9124
9134
9141
9147
9152
9163
9164
9166
9171
9173
9174
9175
9183
9197
9198
9203
9204
9207
9214
9219
9227
9228
9231
9232
9237
9240
9244
9246
9247
9248
9250
9251
9254
9255
9257
9260
9262
9263
9264
9265
9266
9267
9268
9269
9270
9271
9272
9273
9274
9275
9276
9277
9278
9279
9280
9282
9284
9285
9286
9287
9288
9289
9290
9291
9292
9293
9294
9295
9296
9297
9298
9299
9300
9301
9302
9303
9304
9305
9306
9307
9308
9309
9310
9311
9312
9313
9317
9318
9319
9320
9321
9322
9323
9324
9325
9326
9327
9328
9329
9332
9333
9334
9335
9336
9337
9338
9340
9341
9342
9343
9344
9345
9346
9348
9350
9351
9352
9353
9354
9355
9357
9358
9360
9361
9362
9364
9365
9369
9371
9373
9374
9377
9384
9387
9392
9393
9394
9398
9405
9406
9409
9418
9422
9424
9426
9427
9428
9430
9431
9433
9434
9435
9436
9437
9438
9439
9440
9441
9442
9443
9444
9445
9446
9447
9448
9449
9450
9451
9452
9453
9454
9455
9456
9457
9458
9461
9462
9463
9464
9465
9466
9467
9468
9469
9471
9472
9473
9474
9475
9476
9477
9478
9479
9480
9481
9482
9483
9484
9485
9486
9487
9488
9489
9490
9491
9492
9493
9494
9495
9496
9497
9498
9499
9500
9501
9502
9503
9504
9505
9506
9507
9509
9510
9516
9517
9519
9523
9525
9526
9527
9530
9531
9532
9534
9535
9536
9537
9543
9544
9545
9546
9547
9548
9549
9550
9551
9553
9554
9555
9556
9557
9558
9559
9560
9561
9562
9563
9564
9566
9567
9569
9570
9571
9572
9573
9574
9575
9576
9577
9578
9579
9593
9595
9596
9597
9599
9600
9602
9603
9604
9605
9606
9607
9610
9611
9615
9616
9618
9619
9622
9624
9629
9633
9635
9642
9644
9645
9650
9651
9652
9653
9658
9677
9680
9683
9689
9693
9695
9696
9697
9698
9699
9700
9701
9702
9703
9704
9705
9706
9707
9708
9709
9710
9711
9712
9713
9714
9717
9721
9723
9724
9726
9733
9734
9736
9743
9745
9746
9747
9753
9754
9755
9758
9759
9771
9797
9798
9799
9800
9801
9802
9804
9805
9806
9808
9809
9810
9811
9812
9814
9816
9819
9820
9821
9822
9823
9824
9825
9826
9827
9828
9829
9830
9831
9832
9833
9834
9835
9836
9837
9838
9839
9840
9841
9842
9843
9844
9845
9846
9847
9848
9850
9851
9852
9853
9854
9855
9856
9858
9860
9861
9863
9864
9865
9866
9869
9871
9872
9873
9874
9875
9877
9878
9879
9880
9881
9882
9883
9884
9885
9886
9887
9888
9889
9891
9892
9893
9894
9896
9904
9905
9913
9915
9916
9917
9918
9919
9920
9921
9930
9931
9932
9942
9943
9944
9962
9963
9964
9965
9966
9967
9968
9970
9972
9973
9977
9978
9981
9982
9983
