5065
5241
5242
5246
5248
5253
5268
5272
5275
5286
5289
5292
5293
5296
5298
5319
5322
5346
5354
5358
5369
5378
5380
5381
5658
5659
5683
5688
5717
5723
5770
5772
5783
5869
5876
5878
5879
5891
6164
6196
6203
6207
6232
6407
6411
6432
6433
6445
6468
6471
6474
6476
6483
6499
6521
6526
6535
6539
6541
6547
6552
6556
6560
6562
6566
6578
6579
6591
6598
6606
6649
6650
6881
7752
8158
8231
8360
8362
8544
8557
8611
8870
9155
9238
9416
9421
9470
9508
9511
9552
9568
9590
9594
9598
9601
9608
9609
9659
9660
9661
9666
9668
9672
9674
9678
9679
9681
9682
9685
9686
9690
9692
9772
9773
9774
9775
9776
9777
9778
9779
9780
9781
9782
9783
9784
9785
9786
9787
9788
9789
9790
9791
9792
9793
9859
9900
9903
9914
9922
9923
9926
9945
9946
9947
9948
9949
9950
9951
9952
9953
9954
9955
9956
9957
9958
9959
9975
