4702
0
1
2
7
13
15
17
19
21
24
25
27
30
34
37
38
44
46
47
48
49
50
51
52
53
54
55
57
58
60
61
62
64
65
66
67
69
70
71
72
73
76
79
80
81
82
83
84
85
89
91
92
93
94
95
96
97
98
99
100
101
102
103
104
105
106
107
109
110
111
112
113
114
115
116
117
118
119
121
122
123
124
125
126
127
128
129
130
131
133
134
135
136
137
139
140
142
143
145
146
147
148
151
155
156
159
164
165
171
173
177
178
179
180
181
182
184
185
187
188
189
190
193
194
200
201
202
203
204
205
208
209
210
212
213
215
216
217
218
219
224
225
226
227
229
231
232
233
234
237
238
239
240
242
243
244
245
246
247
248
249
250
251
252
253
255
256
257
258
263
264
265
266
267
270
271
273
275
277
278
279
280
281
287
288
291
292
293
294
295
296
297
298
301
302
304
306
307
308
309
310
311
313
314
316
321
322
324
325
327
328
330
331
332
333
334
336
338
339
340
341
342
344
345
346
348
349
351
352
354
356
358
360
361
362
363
364
365
367
369
371
375
376
377
378
379
382
387
389
390
391
402
403
404
405
406
408
409
414
418
421
423
424
426
427
428
429
431
433
435
440
441
442
443
444
445
446
447
448
450
451
452
454
456
457
460
462
467
468
469
470
471
472
473
474
476
477
478
485
486
487
489
490
492
493
494
497
503
508
510
514
515
516
517
518
520
521
523
524
526
533
534
535
536
537
550
560
567
574
614
616
617
618
619
620
622
624
625
626
627
628
630
631
633
634
635
636
637
638
640
641
642
643
644
645
646
649
650
651
652
653
654
655
658
659
660
661
662
663
664
665
666
667
668
669
670
671
672
673
675
677
678
679
681
682
683
684
685
686
689
690
691
692
693
694
696
697
698
699
700
701
702
703
704
705
706
707
708
709
710
711
712
713
714
715
716
717
718
720
721
722
723
724
725
726
727
728
729
731
732
733
734
735
736
737
738
739
740
741
742
743
744
745
747
748
749
750
751
752
753
754
755
756
757
758
759
760
761
762
763
764
766
767
768
769
770
772
773
774
793
794
796
797
799
800
801
802
803
804
805
806
807
808
809
810
812
820
821
822
823
824
826
831
833
836
837
839
840
841
842
843
844
845
846
847
848
849
850
851
852
853
854
855
856
857
858
859
860
861
862
864
865
866
867
869
870
871
872
873
875
876
877
878
879
880
881
882
883
884
885
887
888
889
890
891
892
893
894
895
896
899
900
901
902
903
904
905
907
908
909
910
911
912
913
914
915
916
917
918
919
920
921
922
923
924
925
926
927
928
930
931
932
936
937
938
939
940
941
943
944
945
946
947
948
949
950
951
952
953
957
958
959
961
963
964
965
966
968
970
971
972
975
976
977
978
979
980
981
982
983
984
985
986
987
988
989
990
991
992
993
994
995
996
997
998
999
1000
1001
1002
1003
1004
1005
1006
1007
1008
1010
1011
1013
1014
1016
1019
1020
1023
1025
1026
1027
1030
1031
1032
1033
1034
1039
1043
1044
1047
1050
1052
1058
1059
1061
1063
1067
1074
1075
1076
1078
1080
1081
1082
1084
1085
1086
1087
1089
1090
1092
1095
1096
1097
1103
1105
1106
1108
1110
1111
1113
1118
1119
1121
1123
1124
1130
1132
1133
1136
1138
1143
1147
1150
1152
1153
1156
1158
1160
1164
1165
1166
1167
1168
1172
1173
1175
1176
1177
1178
1179
1180
1181
1182
1185
1190
1191
1193
1194
1197
1199
1200
1201
1202
1203
1204
1205
1206
1207
1208
1209
1210
1211
1212
1213
1214
1215
1216
1217
1218
1219
1221
1222
1223
1224
1225
1226
1227
1228
1229
1230
1231
1233
1234
1235
1237
1238
1239
1240
1242
1244
1251
1256
1257
1258
1259
1260
1261
1262
1263
1264
1265
1266
1267
1268
1269
1270
1271
1272
1273
1274
1275
1276
1277
1278
1279
1280
1281
1282
1283
1284
1285
1286
1287
1288
1289
1290
1291
1292
1293
1294
1295
1296
1297
1298
1299
1300
1301
1302
1303
1304
1305
1306
1307
1308
1309
1310
1311
1312
1313
1314
1315
1316
1317
1318
1319
1320
1321
1322
1323
1324
1325
1326
1327
1328
1329
1330
1331
1332
1333
1334
1335
1336
1337
1338
1339
1340
1341
1342
1343
1344
1345
1346
1347
1348
1349
1350
1351
1352
1353
1354
1355
1356
1357
1358
1359
1360
1361
1362
1363
1364
1365
1366
1367
1368
1369
1370
1371
1372
1373
1374
1375
1376
1377
1378
1379
1394
1397
1398
1399
1400
1401
1402
1403
1404
1405
1406
1407
1408
1409
1410
1411
1412
1413
1414
1415
1416
1417
1418
1419
1420
1421
1422
1423
1424
1425
1426
1427
1428
1429
1430
1431
1432
1433
1434
1435
1436
1437
1438
1439
1440
1441
1443
1444
1445
1446
1447
1449
1450
1451
1452
1453
1454
1455
1456
1457
1460
1461
1462
1463
1464
1465
1466
1467
1468
1469
1470
1471
1472
1473
1474
1475
1476
1477
1478
1479
1480
1481
1482
1483
1484
1486
1487
1488
1489
1491
1492
1493
1495
1496
1498
1499
1501
1502
1503
1504
1505
1506
1507
1508
1509
1510
1512
1513
1514
1515
1517
1522
1523
1524
1527
1530
1531
1533
1536
1542
1544
1545
1546
1547
1548
1549
1550
1551
1552
1554
1555
1556
1557
1558
1559
1560
1561
1562
1563
1565
1566
1567
1568
1569
1570
1571
1572
1574
1575
1576
1578
1580
1581
1582
1583
1584
1585
1586
1587
1589
1590
1591
1592
1593
1594
1596
1597
1598
1599
1600
1601
1602
1603
1604
1605
1606
1607
1608
1609
1610
1611
1612
1613
1617
1618
1620
1621
1622
1623
1624
1625
1626
1627
1628
1629
1630
1631
1632
1633
1634
1635
1637
1639
1640
1642
1644
1645
1646
1647
1648
1649
1652
1653
1654
1656
1657
1658
1659
1660
1661
1663
1664
1665
1669
1675
1687
1690
1691
1692
1697
1698
1703
1704
1705
1709
1710
1711
1713
1716
1717
1718
1721
1722
1724
1725
1727
1732
1733
1734
1736
1738
1739
1740
1743
1745
1746
1753
1754
1755
1756
1757
1761
1763
1767
1768
1770
1771
1772
1774
1776
1778
1782
1783
1784
1785
1787
1789
1791
1792
1793
1796
1797
1798
1799
1800
1801
1802
1803
1804
1805
1806
1807
1808
1810
1811
1812
1813
1814
1816
1817
1818
1819
1820
1821
1822
1823
1825
1826
1827
1828
1829
1831
1835
1836
1837
1838
1839
1840
1841
1842
1843
1844
1845
1846
1847
1848
1849
1850
1851
1853
1854
1855
1856
1857
1858
1860
1861
1862
1863
1864
1866
1867
1868
1869
1870
1871
1872
1873
1875
1876
1877
1878
1879
1880
1881
1882
1883
1884
1885
1886
1887
1888
1889
1890
1891
1892
1893
1894
1895
1896
1897
1898
1899
1900
1901
1902
1903
1904
1905
1906
1907
1908
1909
1910
1911
1912
1913
1914
1915
1916
1917
1918
1919
1920
1921
1922
1923
1926
1952
1953
1954
1959
1968
1975
1980
1991
1993
1994
1995
1996
1997
1998
1999
2000
2001
2002
2003
2005
2006
2007
2008
2010
2011
2012
2014
2015
2016
2017
2018
2019
2021
2022
2023
2032
2034
2036
2039
2054
2068
2070
2078
2079
2093
2095
2104
2112
2118
2120
2121
2122
2125
2127
2128
2134
2141
2142
2161
2168
2172
2173
2174
2175
2176
2177
2178
2179
2180
2181
2182
2183
2184
2185
2186
2187
2188
2189
2191
2192
2193
2194
2195
2196
2197
2198
2199
2200
2201
2202
2204
2205
2206
2207
2208
2209
2210
2211
2212
2213
2215
2216
2217
2218
2219
2220
2221
2222
2223
2224
2225
2226
2227
2228
2229
2230
2231
2232
2233
2234
2235
2237
2238
2239
2240
2241
2242
2243
2244
2245
2246
2247
2248
2249
2250
2251
2252
2253
2254
2255
2256
2257
2258
2259
2260
2261
2263
2266
2267
2269
2272
2273
2275
2277
2280
2281
2283
2287
2290
2291
2292
2293
2295
2297
2298
2299
2301
2302
2303
2304
2305
2307
2309
2311
2314
2317
2318
2319
2320
2321
2322
2323
2324
2326
2327
2329
2330
2332
2333
2335
2337
2338
2339
2340
2341
2342
2343
2344
2345
2352
2355
2356
2357
2358
2359
2360
2361
2363
2364
2365
2366
2367
2368
2369
2371
2372
2374
2375
2377
2378
2379
2380
2381
2382
2383
2384
2385
2386
2387
2388
2389
2390
2391
2393
2394
2395
2396
2398
2399
2400
2403
2404
2405
2406
2407
2408
2409
2410
2411
2425
2427
2432
2433
2437
2439
2440
2441
2442
2443
2445
2448
2449
2451
2452
2453
2461
2463
2466
2467
2468
2469
2471
2474
2476
2477
2478
2479
2480
2481
2482
2483
2484
2485
2486
2553
2554
2555
2556
2557
2558
2559
2560
2561
2562
2563
2564
2565
2566
2567
2568
2569
2570
2571
2572
2573
2575
2578
2579
2581
2582
2585
2587
2588
2590
2592
2594
2596
2600
2601
2602
2603
2604
2608
2610
2612
2613
2614
2623
2624
2626
2627
2628
2630
2631
2632
2633
2634
2635
2636
2637
2638
2639
2643
2644
2645
2646
2647
2649
2650
2651
2652
2653
2674
2675
2676
2677
2678
2679
2681
2682
2683
2684
2685
2686
2687
2689
2690
2691
2692
2693
2694
2695
2696
2697
2698
2699
2700
2701
2702
2703
2704
2705
2706
2707
2708
2710
2711
2712
2714
2715
2716
2718
2719
2720
2721
2722
2723
2724
2725
2726
2727
2728
2730
2731
2732
2733
2734
2736
2737
2738
2739
2740
2741
2742
2743
2744
2745
2749
2750
2751
2752
2754
2755
2757
2758
2759
2760
2761
2762
2763
2764
2765
2766
2767
2768
2769
2770
2771
2772
2773
2774
2776
2777
2778
2779
2780
2781
2782
2784
2785
2786
2787
2788
2790
2791
2792
2793
2794
2796
2798
2800
2801
2802
2804
2805
2806
2807
2809
2811
2812
2814
2815
2817
2818
2820
2822
2823
2824
2825
2826
2828
2829
2831
2832
2833
2834
2835
2838
2839
2840
2841
2842
2843
2844
2845
2851
2856
2860
2861
2865
2873
2878
2883
2885
2888
2889
2890
2892
2893
2894
2900
2904
2906
2907
2909
2910
2912
2914
2916
2931
2932
2935
2936
2937
2938
2939
2940
2941
2942
2943
2944
2945
2946
2947
2948
2949
2950
2951
2953
2954
2955
2956
2957
2959
2960
2961
2962
2963
2964
2965
2967
2968
2969
2970
2971
2972
2973
2974
2975
2976
2977
2978
2980
2981
2982
2983
2984
2985
2986
2987
2988
2989
2990
2991
2992
2993
2994
2995
2996
2997
2998
2999
3000
3001
3002
3003
3004
3005
3006
3007
3008
3009
3010
3012
3016
3018
3019
3020
3022
3024
3031
3034
3035
3043
3045
3046
3050
3051
3053
3054
3055
3056
3059
3061
3063
3065
3068
3070
3071
3072
3074
3075
3079
3082
3084
3086
3088
3091
3095
3097
3098
3102
3103
3104
3105
3106
3107
3108
3110
3111
3113
3115
3118
3120
3121
3122
3123
3125
3126
3127
3128
3129
3130
3132
3133
3134
3142
3143
3145
3146
3147
3148
3149
3150
3151
3152
3153
3154
3155
3156
3157
3158
3159
3160
3161
3162
3163
3164
3165
3166
3167
3168
3169
3170
3171
3172
3173
3174
3175
3176
3177
3178
3179
3180
3181
3182
3183
3184
3185
3186
3187
3188
3189
3190
3191
3192
3193
3194
3195
3196
3197
3198
3199
3200
3201
3202
3203
3204
3205
3206
3207
3208
3209
3210
3211
3212
3213
3214
3215
3217
3218
3219
3220
3221
3222
3223
3224
3225
3226
3227
3228
3230
3231
3232
3233
3234
3235
3236
3237
3238
3239
3241
3242
3243
3244
3245
3246
3247
3248
3249
3250
3251
3252
3253
3254
3255
3256
3258
3259
3260
3261
3262
3263
3264
3265
3266
3267
3268
3269
3271
3272
3273
3275
3277
3278
3279
3282
3284
3285
3286
3287
3291
3295
3296
3301
3303
3305
3309
3310
3311
3315
3316
3317
3318
3320
3323
3324
3325
3326
3330
3331
3332
3335
3338
3339
3341
3342
3343
3347
3351
3352
3355
3361
3362
3363
3364
3365
3366
3368
3370
3375
3377
3378
3379
3380
3381
3384
3387
3389
3390
3392
3394
3395
3398
3400
3401
3405
3408
3409
3413
3415
3416
3422
3423
3425
3426
3427
3428
3431
3432
3433
3435
3436
3440
3442
3449
3450
3453
3456
3457
3458
3460
3462
3464
3468
3472
3474
3475
3477
3479
3480
3481
3482
3484
3486
3487
3491
3501
3502
3503
3505
3506
3507
3508
3509
3510
3511
3512
3513
3515
3516
3517
3518
3520
3521
3522
3523
3524
3525
3526
3527
3528
3529
3530
3531
3532
3533
3534
3535
3536
3537
3538
3539
3540
3541
3542
3543
3544
3545
3547
3557
3560
3599
3603
3612
3613
3614
3615
3616
3617
3618
3619
3620
3621
3623
3626
3627
3629
3630
3631
3632
3633
3635
3636
3637
3639
3640
3641
3642
3643
3644
3645
3646
3647
3648
3649
3650
3652
3653
3654
3655
3656
3657
3659
3660
3661
3662
3663
3664
3665
3666
3667
3670
3671
3675
3676
3677
3678
3679
3680
3682
3684
3685
3687
3688
3689
3690
3691
3693
3694
3695
3696
3697
3698
3699
3701
3702
3703
3704
3706
3707
3708
3709
3710
3711
3712
3713
3714
3715
3716
3717
3721
3722
3723
3724
3726
3727
3728
3729
3730
3731
3733
3734
3735
3736
3737
3738
3740
3741
3742
3744
3745
3746
3748
3749
3750
3753
3755
3756
3758
3759
3760
3761
3762
3763
3764
3765
3766
3767
3768
3769
3770
3772
3773
3774
3776
3777
3778
3779
3780
3781
3782
3783
3784
3785
3786
3787
3788
3789
3791
3796
3797
3798
3799
3802
3803
3805
3808
3809
3810
3811
3812
3813
3815
3816
3817
3818
3819
3820
3822
3824
3825
3826
3827
3828
3831
3832
3833
3834
3836
3838
3839
3842
3843
3846
3847
3848
3851
3852
3854
3855
3856
3858
3860
3865
3866
3867
3872
3876
3877
3878
3880
3881
3882
3883
3884
3885
3887
3889
3892
3893
3894
3896
3897
3901
3904
3907
3909
3910
3912
3916
3919
3920
3921
3922
3924
3925
3927
3931
3932
3933
3935
3936
3939
3940
3941
3942
3944
3945
3946
3947
3948
3949
3950
3952
3953
3954
3958
3961
3962
3964
3965
3966
3967
3969
3970
3971
3972
3973
3974
3975
3977
3979
3980
3981
3982
3983
3984
3985
3986
3987
3988
3989
3990
3991
3992
3994
3995
3996
3997
3999
4012
4019
4020
4027
4035
4048
4050
4058
4060
4063
4065
4069
4073
4086
4087
4089
4091
4092
4096
4098
4099
4100
4103
4105
4106
4107
4114
4115
4116
4117
4118
4119
4122
4128
4129
4134
4135
4139
4150
4152
4153
4156
4157
4164
4166
4167
4169
4175
4176
4186
4188
4196
4197
4198
4200
4202
4210
4211
4213
4216
4219
4223
4226
4227
4228
4238
4244
4245
4249
4250
4256
4272
4288
4291
4297
4303
4305
4306
4308
4310
4312
4313
4314
4320
4321
4323
4325
4328
4330
4342
4355
4358
4365
4382
4389
4402
4404
4406
4412
4414
4415
4443
4446
4458
4460
4463
4469
4475
4488
4496
4502
4509
4513
4515
4517
4518
4525
4526
4534
4539
4543
4561
4562
4563
4570
4571
4574
4576
4580
4581
4582
4583
4584
4585
4586
4588
4590
4591
4593
4595
4596
4597
4599
4601
4602
4605
4608
4609
4610
4613
4614
4615
4616
4618
4620
4621
4623
4624
4625
4626
4627
4629
4631
4633
4689
4690
4691
4692
4693
4694
4695
4696
4697
4698
4699
4700
4701
4703
4704
4705
4706
4707
4708
4709
4710
4711
4712
4713
4714
4715
4717
4718
4719
4720
4722
4723
4724
4725
4726
4727
4728
4729
4730
4731
4732
4733
4734
4735
4736
4737
4738
4739
4740
4741
4742
4743
4744
4745
4746
4747
4748
4749
4750
4751
4752
4753
4754
4755
4756
4757
4758
4759
4760
4761
4762
4763
4764
4765
4766
4767
4768
4769
4770
4771
4772
4783
4784
4785
4786
4787
4789
4791
4793
4794
4795
4797
4798
4799
4800
4801
4802
4803
4804
4805
4809
4810
4811
4812
4813
4848
4856
4858
4859
4861
4862
4863
4864
4865
4866
4867
4868
4869
4870
4871
4872
4873
4874
4875
4876
4877
4878
4879
4880
4881
4882
4883
4884
4886
4887
4890
4895
4899
4900
4901
4902
4903
4904
4905
4906
4907
4919
4920
4921
4924
4925
4926
4927
4928
4929
