9584
5040
5252
5261
5287
5306
5309
5328
5334
5335
5357
5361
5368
5454
5455
5456
5457
5458
5459
5460
5461
5462
5463
5464
5465
5466
5467
5562
5563
5564
5565
5566
5567
5568
5569
5570
5572
5573
5574
5579
5580
5581
5583
5584
5586
5587
5589
5591
5592
5593
5594
5596
5597
5598
5599
5600
5601
5602
5603
5604
5605
5606
5608
5609
5611
5612
5613
5614
5615
5616
5617
5618
5619
5620
5621
5622
5623
5624
5625
5626
5627
5628
5629
5631
5632
5633
5634
5635
5636
5637
5638
5639
5640
5641
5643
5644
5645
5646
5647
5648
5649
5650
5652
5653
5654
5655
5656
5657
5661
5663
5665
5668
5669
5670
5671
5673
5674
5675
5676
5677
5678
5679
5680
5681
5685
5686
5687
5690
5693
5696
5697
5698
5699
5700
5701
5702
5703
5813
5814
5815
5816
5817
5818
5819
5820
5821
5822
5823
5824
5825
5826
5827
5828
5829
5830
5831
5832
5833
5834
5835
5836
5837
5838
5839
5840
5841
5842
5843
5844
5845
5846
5847
5848
5849
5850
5851
5852
5853
5854
5855
5856
5857
5858
5859
5860
5861
5862
5863
5864
5865
5866
5867
5868
5917
5918
5919
5920
5921
5922
5923
5924
5925
5926
5930
5931
5932
5933
5934
5935
5936
5937
5938
5941
5944
5945
5947
5948
5950
5951
5954
5955
5957
5958
5961
5967
5968
5969
5971
5972
5973
5977
5978
5980
5981
5984
5986
5987
5988
5989
5991
5997
5998
5999
6001
6004
6005
6011
6014
6016
6017
6020
6022
6023
6025
6542
6647
6648
6814
6852
6853
6854
6855
6856
6857
6858
6859
6860
6861
6862
6863
6864
6865
6866
6867
6868
6869
6870
6871
6872
6873
6874
6876
6877
6878
6887
6888
6889
6966
6967
6968
6969
6970
6971
6972
6973
6974
6976
6978
6981
6983
6985
6986
6987
6988
6989
6990
6991
6992
6996
6997
6998
6999
7000
7001
7002
7003
7004
7005
7006
7007
7008
7010
7011
7012
7013
7014
7015
7017
7018
7019
7020
7021
7022
7023
7024
7025
7027
7028
7030
7031
7032
7034
7035
7037
7048
7050
7051
7052
7053
7054
7055
7056
7058
7059
7062
7065
7066
7068
7071
7072
7073
7074
7075
7076
7079
7080
7081
7082
7087
7088
7089
7090
7092
7093
7097
7100
7101
7102
7104
7106
7107
7109
7110
7112
7115
7116
7118
7120
7122
7126
7127
7130
7132
7133
7135
7136
7137
7138
7139
7140
7141
7142
7143
7144
7146
7147
7149
7150
7151
7154
7155
7157
7158
7159
7160
7162
7163
7166
7167
7169
7171
7174
7176
7178
7180
7182
7183
7184
7186
7187
7189
7190
7197
7199
7202
7203
7204
7206
7207
7208
7210
7211
7212
7213
7214
7216
7217
7220
7222
7224
7225
7228
7229
7231
7233
7234
7237
7238
7239
7240
7241
7243
7244
7247
7250
7251
7252
7409
7410
7411
7412
7413
7414
7415
7416
7417
7418
7449
7450
7453
7454
7456
7457
7458
7459
7460
7461
7462
7463
7464
7465
7466
7467
7468
7469
7470
7471
7472
7473
7474
7475
7476
7477
7478
7479
7480
7481
7482
7483
7485
7486
7487
7488
7489
7490
7492
7493
7494
7495
7496
7603
7604
7605
7606
7607
7608
7609
7610
7611
7612
7613
7614
7615
7616
7617
7618
7619
7620
7621
7622
7623
7624
7625
7626
7627
7628
7629
7630
7631
7632
7633
7634
7635
7636
7638
7639
7640
7641
7642
7643
7644
7645
7651
7653
7654
7656
7824
7830
7880
7883
7891
7901
7908
7915
7933
7964
7992
7993
7994
7995
7996
7997
7998
7999
8086
8087
8088
8090
8091
8092
8093
8094
8095
8096
8097
8098
8099
8100
8102
8103
8104
8105
8106
8107
8108
8109
8110
8111
8112
8113
8114
8115
8116
8117
8118
8119
8120
8121
8274
8277
8279
8284
8287
8289
8294
8295
8303
8304
8306
8307
8309
8315
8316
8321
8325
8326
8327
8333
8335
8339
8365
8366
8367
8370
8371
8372
8373
8374
8378
8381
8382
8384
8385
8386
8389
8428
8432
8441
8447
8460
8493
8495
8496
8497
8498
8499
8500
8501
8502
8503
8504
8505
8507
8508
8509
8510
8511
8512
8513
8514
8515
8516
8517
8518
8519
8520
8521
8522
8523
8524
8525
8527
8528
8529
8530
8531
8532
8533
8534
8535
8536
8537
8538
8539
8540
8541
8542
8591
8604
8607
8626
8628
8634
8670
8686
8734
8737
8738
8745
8792
8805
8806
8807
8808
8810
8811
8814
8816
8817
8818
8820
8822
8824
8825
8826
8827
8829
8830
8832
8834
8835
8837
8840
8843
8844
8845
8846
8847
8848
8852
8854
8855
8857
8858
8861
8863
8864
8865
8867
8868
8869
8871
8873
8874
8876
8878
8879
8880
8882
8883
8889
8890
8897
8898
8899
8901
8911
9053
9054
9055
9056
9057
9058
9060
9061
9062
9064
9065
9066
9067
9068
9069
9071
9072
9073
9074
9075
9077
9078
9080
9082
9084
9086
9087
9088
9089
9090
9091
9092
9093
9095
9096
9097
9098
9099
9100
9101
9102
9103
9104
9105
9106
9107
9108
9110
9111
9112
9113
9114
9116
9118
9119
9120
9121
9122
9123
9125
9126
9127
9128
9129
9130
9131
9132
9133
9136
9137
9138
9139
9140
9142
9143
9144
9145
9146
9148
9149
9150
9151
9153
9154
9156
9157
9158
9159
9160
9161
9162
9165
9167
9168
9169
9170
9172
9176
9177
9178
9179
9180
9181
9182
9184
9185
9186
9187
9188
9189
9190
9191
9192
9193
9194
9195
9196
9199
9200
9201
9202
9205
9206
9208
9209
9210
9211
9212
9213
9215
9216
9217
9218
9220
9221
9222
9223
9224
9225
9226
9229
9230
9233
9234
9235
9236
9239
9241
9242
9243
9245
9249
9252
9253
9256
9258
9259
9261
9281
9283
9349
9356
9366
9367
9368
9370
9372
9375
9376
9378
9379
9380
9381
9382
9383
9385
9386
9388
9389
9390
9391
9395
9396
9397
9399
9400
9401
9402
9403
9404
9407
9408
9410
9411
9412
9413
9414
9415
9417
9419
9420
9512
9513
9514
9515
9521
9522
9539
9542
9565
9580
9581
9582
9583
9585
9586
9587
9588
9589
9591
9592
9623
9625
9626
9628
9630
9631
9636
9637
9638
9639
9640
9643
9646
9647
9648
9649
9654
9656
9657
9662
9663
9664
9665
9667
9670
9671
9673
9676
9684
9687
9688
9691
9694
9715
9718
9719
9720
9722
9725
9727
9728
9729
9731
9732
9735
9737
9738
9739
9740
9741
9742
9748
9749
9752
9756
9757
9760
9761
9762
9763
9764
9765
9766
9768
9769
9770
9795
9796
9849
9890
9895
9897
9898
9899
9901
9902
9906
9907
9908
9909
9910
9911
9912
9924
9925
9927
9928
9929
9969
9971
9974
