4935
4936
4939
4945
4948
4950
4951
4952
4953
4959
4963
4965
4966
4968
4970
4974
4975
4981
4984
4986
4987
4990
4991
4993
4995
4998
5001
5002
5008
5009
5010
5014
5015
5020
5086
5087
5098
5114
5124
5130
5143
5147
5153
5159
5176
5178
5181
5182
5199
5204
5216
5217
5233
5249
5250
5251
5254
5260
5262
5264
5269
5270
5273
5276
5278
5282
5285
5291
5295
5297
5299
5300
5310
5311
5313
5317
5318
5321
5324
5325
5329
5332
5336
5338
5339
5342
5345
5348
5350
5352
5353
5360
5362
5365
5373
5376
5394
5396
5399
5401
5403
5407
5417
5441
5444
5472
5473
5474
5475
5476
5477
5478
5479
5480
5483
5484
5485
5487
5488
5489
5490
5491
5492
5493
5494
5496
5497
5498
5499
5500
5501
5502
5504
5505
5506
5507
5509
5510
5511
5512
5513
5514
5515
5516
5518
5520
5521
5522
5523
5524
5525
5530
5531
5532
5534
5535
5537
5539
5540
5547
5548
5549
5550
5552
5554
5555
5557
5558
5559
5560
5561
5713
5715
5716
5718
5720
5722
5724
5728
5733
5736
5741
5744
5745
5747
5749
5755
5758
5760
5761
5762
5763
5765
5766
5771
5773
5776
5781
5786
5787
5792
5794
5798
5800
6041
6057
6084
6125
6127
6128
6129
6131
6132
6133
6136
6137
6138
6139
6141
6142
6143
6144
6145
6146
6147
6150
6151
6152
6153
6154
6155
6156
6160
6161
6162
6163
6165
6166
6167
6168
6170
6171
6172
6173
6174
6175
6176
6177
6178
6179
6180
6181
6182
6183
6184
6185
6187
6189
6190
6191
6192
6193
6194
6195
6197
6199
6200
6202
6205
6206
6208
6209
6210
6211
6212
6213
6215
6216
6217
6218
6219
6220
6221
6223
6224
6227
6228
6229
6230
6231
6233
6234
6236
6237
6238
6239
6240
6241
6242
6243
6244
6245
6246
6247
6248
6249
6250
6251
6252
6253
6254
6255
6256
6257
6258
6259
6260
6262
6263
6264
6266
6271
6273
6277
6279
6280
6292
6293
6296
6298
6300
6302
6304
6308
6315
6321
6324
6326
6331
6336
6339
6341
6342
6343
6347
6348
6349
6350
6354
6355
6360
6361
6368
6369
6371
6379
6383
6384
6385
6389
6390
6391
6392
6393
6395
6398
6399
6400
6401
6403
6405
6409
6412
6413
6414
6415
6418
6421
6424
6425
6428
6429
6430
6434
6435
6438
6440
6441
6443
6447
6448
6449
6450
6452
6453
6455
6456
6457
6458
6459
6460
6461
6462
6469
6475
6477
6479
6480
6484
6485
6486
6488
6492
6494
6495
6497
6498
6500
6501
6502
6503
6504
6505
6506
6507
6510
6511
6512
6514
6515
6516
6518
6519
6522
6523
6524
6527
6529
6530
6531
6532
6534
6536
6538
6543
6548
6555
6559
6564
6565
6568
6570
6572
6574
6575
6580
6581
6582
6583
6587
6588
6589
6593
6594
6596
6597
6599
6600
6603
6607
6609
6610
6611
6612
6613
6614
6622
6629
6631
6635
6636
6637
6642
6658
6669
6671
6679
6690
6692
6695
6699
6716
6729
6742
6743
6751
6757
6770
6774
6780
6783
6805
6807
6808
6811
6818
6819
6821
6831
6843
6846
6849
6890
6891
6892
6893
6895
6897
6899
6900
6901
6902
6903
6904
6905
6908
6909
6910
6913
6917
6918
6919
6922
6923
6924
6925
6926
6927
6933
6934
6935
6940
6942
6944
6949
6951
6954
6955
6957
6961
6965
7279
7280
7283
7284
7285
7287
7288
7291
7292
7295
7296
7298
7299
7302
7304
7305
7307
7312
7318
7319
7320
7322
7323
7324
7325
7327
7328
7329
7330
7331
7337
7338
7340
7345
7349
7355
7357
7359
7360
7361
7362
7366
7368
7378
7382
7383
7386
7388
7389
7390
7391
7392
7394
7395
7396
7399
7401
7403
7406
7408
7422
7436
7439
7441
7445
7446
7448
7498
7502
7505
7507
7518
7522
7524
7526
7527
7528
7530
7531
7533
7534
7535
7538
7540
7544
7546
7547
7548
7549
7553
7555
7556
7557
7558
7560
7561
7562
7564
7565
7566
7567
7568
7575
7577
7584
7585
7589
7592
7593
7595
7596
7599
7600
7647
7648
7650
7652
7661
7667
7668
7670
7676
7677
7678
7680
7682
7683
7685
7686
7687
7689
7690
7694
7695
7697
7699
7700
7701
7703
7704
7706
7708
7709
7710
7711
7712
7714
7715
7718
7722
7723
7725
7727
7728
7731
7733
7736
7739
7741
7745
7747
7748
7749
7756
7757
7758
7760
7763
7764
7765
7766
7769
7770
7771
7772
7775
7778
7780
7781
7784
7785
7787
7792
7793
7796
7799
7800
7801
7802
7805
7806
7808
7810
7815
7818
7819
7820
7821
7825
7826
7828
7833
7834
7835
7841
7844
7848
7849
7853
7855
7856
7859
7861
7866
7872
7873
7878
7886
7888
7889
7896
7899
7902
7903
7906
7911
7913
7917
7918
7921
7930
7931
7935
7936
7939
7940
7941
7944
7946
7947
7948
7949
7954
7956
7957
7960
7962
7965
7966
7970
7973
7978
7979
7983
7987
7989
7990
7991
8004
8006
8007
8011
8015
8017
8018
8029
8038
8039
8042
8049
8056
8063
8064
8068
8071
8075
8078
8081
8134
8142
8145
8152
8159
8160
8167
8171
8172
8173
8175
8178
8181
8182
8183
8187
8188
8190
8192
8193
8195
8196
8200
8201
8205
8208
8209
8210
8212
8215
8217
8224
8225
8230
8235
8236
8238
8239
8243
8244
8245
8246
8256
8257
8259
8267
8272
8750
8751
8752
8755
8758
8759
8760
8765
8766
8768
8769
8903
8904
8905
8906
8907
8908
8909
8910
8912
8913
8914
8915
8916
8918
8919
8920
8921
8922
8924
8925
8926
8927
8928
8929
8930
8931
8932
8933
8935
8936
8937
8938
8939
8940
8941
8944
8945
8946
8947
8948
8949
8950
8951
8954
8956
8957
8958
8960
8962
8963
8965
8966
8969
8970
8971
8972
8973
8974
8975
8976
8978
8979
8980
8981
8983
8984
8985
8986
8987
8988
8989
8990
8991
8992
8994
8996
8997
8999
9000
9001
9002
9003
9004
9006
9007
9008
9010
9011
9012
9015
9016
9017
9018
9020
9021
9022
9026
9027
9028
9030
9031
9032
9033
9034
9035
9036
9037
9039
9040
9041
9043
9046
9047
9048
9049
9050
9051
9052
9339
9347
9423
9425
9429
9432
9459
9460
9520
9524
9528
9529
9533
9540
9541
9612
9613
9614
9617
9620
9621
9794
9803
9807
9813
9815
9817
9818
9857
9862
9867
9868
9870
9876
9933
9934
9935
9936
9937
9938
9939
9940
9941
9960
9961
9976
9979
9980
