3926
149
150
152
153
154
207
317
329
337
347
366
385
395
400
410
415
417
434
436
437
449
458
874
942
1247
1250
1252
1253
1448
1458
1459
1490
1500
1511
1815
1832
1834
2004
2009
2013
2020
2028
2282
2310
2312
2325
2421
2422
2423
2424
2426
2428
2429
2430
2431
2434
2435
2436
2438
2589
2618
2619
2620
2622
2735
2775
2789
2810
2902
2908
2911
2913
2915
2917
2918
2919
2921
3026
3027
3029
3514
3519
3823
3861
3862
3863
3923
3929
3930
3934
3938
3943
3951
3955
3956
3957
3959
3960
3963
3968
3976
3993
4271
4564
4565
4566
4568
4569
4573
4788
4792
4806
4807
4808
4885
4910
4912
4913
4915
4916
4917
4922
4923
4932
