3
4
5
6
8
9
10
11
12
14
16
18
20
22
23
26
28
29
31
32
33
35
36
39
40
41
42
43
45
373
538
539
540
541
542
543
544
545
546
547
548
549
551
552
553
554
555
556
557
558
559
561
562
563
564
565
566
568
569
570
571
572
573
575
576
577
578
579
580
581
582
583
584
585
586
587
588
589
590
591
592
593
594
595
596
597
598
599
600
601
602
603
604
605
606
607
608
609
610
611
612
613
615
623
647
863
868
886
897
898
906
929
933
934
935
954
955
956
962
1220
1241
1243
1245
1246
1248
1249
1254
1255
1380
1381
1382
1383
1384
1385
1386
1387
1388
1389
1390
1391
1392
1393
1395
1396
1442
1485
1497
1521
1535
1543
1553
1564
1573
1577
1579
1588
1595
1671
1672
1674
1678
1786
1788
1790
1794
1795
1809
1824
1830
1833
1852
1859
1865
1874
1924
1925
1927
1928
1929
1930
1931
1932
1933
1934
1935
1936
1937
1938
1939
1940
1941
1942
1943
1944
1945
1946
1947
1948
1949
1950
1951
1956
1957
1958
1960
1961
1962
1963
1964
1965
1966
1967
1969
1970
1971
1972
1973
1974
1977
1978
1979
1982
1983
1984
1985
1986
1987
1988
1989
1990
1992
2024
2025
2026
2027
2029
2030
2031
2033
2035
2037
2038
2040
2041
2042
2043
2044
2045
2046
2047
2048
2049
2050
2051
2052
2053
2055
2056
2057
2058
2059
2060
2061
2062
2063
2064
2065
2066
2067
2069
2071
2072
2073
2074
2075
2076
2077
2080
2081
2082
2083
2084
2085
2086
2087
2088
2089
2090
2091
2092
2094
2096
2097
2098
2099
2100
2101
2102
2103
2105
2106
2107
2108
2109
2110
2111
2113
2114
2115
2117
2119
2123
2124
2126
2129
2130
2131
2132
2133
2135
2136
2137
2138
2139
2140
2143
2144
2145
2146
2147
2148
2149
2150
2151
2152
2153
2154
2155
2156
2157
2158
2159
2160
2162
2163
2164
2165
2166
2167
2169
2170
2171
2203
2262
2264
2265
2270
2271
2274
2276
2278
2279
2284
2285
2286
2288
2289
2294
2300
2306
2308
2313
2315
2316
2328
2331
2334
2336
2346
2347
2348
2349
2350
2351
2353
2354
2412
2413
2414
2415
2416
2417
2418
2419
2420
2488
2489
2490
2491
2492
2493
2494
2495
2496
2497
2498
2499
2500
2501
2502
2503
2504
2505
2506
2507
2508
2509
2510
2511
2512
2513
2514
2515
2516
2517
2518
2519
2520
2521
2522
2523
2524
2525
2526
2527
2528
2529
2530
2531
2532
2533
2534
2535
2536
2537
2538
2539
2540
2541
2542
2543
2544
2545
2546
2547
2548
2549
2550
2551
2552
2574
2576
2577
2580
2583
2591
2593
2595
2597
2598
2599
2606
2611
2615
2616
2617
2621
2625
2654
2655
2656
2657
2658
2659
2660
2661
2662
2663
2664
2665
2666
2667
2668
2669
2670
2671
2672
2673
2680
2688
2709
2713
2717
2729
2746
2747
2748
2753
2756
2783
2795
2797
2799
2803
2808
2813
2816
2819
2821
2827
2830
2836
2837
2846
2847
2848
2849
2850
2852
2853
2854
2855
2857
2858
2859
2862
2863
2864
2866
2867
2868
2869
2870
2871
2872
2874
2875
2876
2877
2879
2880
2881
2882
2884
2886
2887
2891
2895
2896
2897
2898
2899
2901
2923
2924
2925
2926
2927
2928
2929
2930
2952
2958
2966
2979
3030
3032
3033
3036
3037
3038
3039
3040
3041
3042
3044
3047
3048
3049
3052
3057
3058
3060
3062
3064
3066
3067
3069
3073
3076
3077
3078
3080
3081
3083
3085
3087
3089
3090
3092
3093
3094
3096
3099
3100
3101
3109
3112
3114
3116
3117
3119
3124
3131
3135
3136
3137
3138
3139
3140
3141
3144
3270
3274
3546
3548
3549
3550
3551
3552
3553
3554
3555
3556
3558
3559
3561
3562
3563
3564
3565
3566
3567
3568
3569
3570
3571
3572
3573
3574
3575
3576
3577
3578
3579
3580
3581
3582
3583
3584
3585
3586
3587
3588
3589
3590
3591
3592
3593
3594
3595
3596
3598
3600
3601
3602
3604
3605
3606
3607
3608
3609
3610
3611
3622
3624
3625
3628
3634
3638
3651
3658
3668
3669
3672
3673
3674
3681
3683
3686
3692
3700
3705
3718
3719
3720
3725
3732
3739
3743
3747
3751
3752
3754
3757
3771
3775
3790
3792
3793
3794
3795
3800
3801
3804
3806
3807
3835
3837
3840
3849
3853
3857
3859
3998
4000
4001
4002
4003
4004
4005
4006
4008
4009
4010
4011
4013
4014
4015
4016
4017
4018
4021
4022
4023
4024
4025
4026
4028
4029
4030
4031
4032
4033
4034
4036
4037
4038
4039
4040
4041
4042
4043
4044
4045
4046
4047
4049
4051
4052
4053
4054
4055
4056
4057
4059
4061
4062
4064
4066
4067
4068
4070
4071
4072
4074
4075
4076
4077
4078
4079
4080
4081
4082
4083
4084
4085
4088
4090
4093
4094
4095
4097
4101
4102
4104
4108
4109
4110
4111
4112
4113
4120
4121
4123
4124
4125
4126
4127
4130
4131
4132
4133
4136
4137
4138
4140
4141
4142
4143
4144
4145
4146
4147
4148
4149
4151
4154
4155
4158
4159
4160
4161
4162
4163
4165
4168
4170
4171
4172
4173
4174
4177
4178
4179
4180
4181
4182
4183
4184
4185
4187
4189
4190
4191
4192
4193
4194
4195
4199
4201
4203
4204
4205
4206
4207
4208
4209
4212
4214
4215
4217
4218
4220
4221
4222
4224
4225
4229
4230
4231
4232
4233
4234
4235
4236
4237
4239
4240
4241
4242
4243
4246
4247
4248
4251
4252
4253
4254
4255
4257
4258
4259
4260
4261
4262
4263
4264
4265
4267
4268
4269
4270
4273
4274
4275
4276
4277
4278
4279
4280
4281
4282
4283
4284
4285
4286
4287
4289
4290
4292
4293
4294
4295
4296
4298
4299
4300
4301
4302
4304
4307
4309
4311
4315
4316
4317
4318
4319
4322
4324
4326
4327
4547
4548
4549
4550
4551
4552
4553
4554
4555
4556
4557
4558
4639
4640
4641
4643
4644
4645
4646
4647
4648
4649
4650
4651
4652
4653
4654
4655
4656
4657
4658
4659
4660
4661
4662
4663
4664
4665
4666
4667
4668
4669
4670
4671
4672
4673
4674
4675
4676
4677
4678
4679
4680
4681
4682
4683
4684
4685
4686
4687
4688
4773
4774
4775
4776
4777
4778
4779
4780
4781
4790
4796
4814
4815
4816
4817
4818
4819
4820
4821
4822
4823
4824
4825
4826
4827
4828
4829
4830
4831
4832
4833
4834
4835
4836
4837
4838
4839
4840
4841
4842
4843
4844
4845
4846
4847
4849
4850
4851
4852
4853
4854
4855
4888
4889
4891
4892
4918
