3471
56
59
68
74
75
77
78
86
87
88
90
108
120
138
144
157
158
160
161
162
163
166
167
168
169
170
172
174
175
176
183
186
191
192
195
196
197
198
199
206
211
214
220
221
222
223
228
230
235
236
241
254
259
260
261
262
268
269
272
274
276
282
283
284
285
286
289
290
299
300
303
305
312
315
318
319
320
323
326
335
350
353
355
357
359
368
370
372
374
380
381
383
384
388
392
393
394
396
397
398
399
401
407
411
412
413
416
419
420
422
425
430
432
438
439
453
455
459
461
463
464
465
466
475
479
480
481
482
483
484
488
491
495
496
498
499
500
501
502
504
505
506
507
509
511
512
513
519
522
525
527
528
529
530
531
532
621
629
632
657
674
687
688
695
719
746
765
771
775
776
777
778
779
780
781
782
783
784
785
786
787
788
789
790
791
792
817
819
825
827
828
829
830
832
834
835
838
960
967
969
973
974
1009
1012
1015
1017
1018
1021
1022
1024
1028
1029
1035
1036
1037
1038
1040
1041
1042
1045
1046
1048
1049
1051
1053
1054
1055
1056
1057
1060
1062
1064
1065
1066
1068
1069
1070
1071
1072
1073
1077
1079
1083
1088
1091
1093
1094
1098
1099
1100
1101
1102
1104
1107
1109
1112
1114
1115
1116
1117
1120
1122
1125
1126
1127
1128
1129
1131
1134
1135
1137
1139
1140
1141
1142
1144
1145
1146
1148
1149
1151
1154
1155
1157
1159
1161
1162
1163
1169
1170
1171
1174
1183
1184
1186
1187
1188
1189
1192
1195
1196
1236
1518
1519
1520
1525
1526
1529
1532
1534
1537
1538
1539
1540
1541
1619
1636
1638
1641
1643
1650
1651
1655
1662
1666
1667
1668
1670
1673
1676
1677
1679
1680
1681
1682
1683
1684
1685
1686
1688
1689
1694
1695
1696
1699
1700
1702
1706
1707
1708
1712
1714
1715
1719
1720
1723
1728
1730
1731
1737
1741
1742
1747
1748
1749
1750
1751
1759
1760
1762
1764
1769
1773
1775
1779
1780
1781
2214
2236
2362
2370
2373
2376
2392
2397
2401
2402
2444
2446
2447
2450
2454
2455
2456
2457
2458
2459
2460
2464
2465
2470
2472
2473
2475
2629
2640
2641
2642
2648
2903
2905
2920
2922
2933
2934
3011
3013
3014
3015
3017
3021
3023
3025
3028
3276
3280
3281
3283
3288
3289
3290
3292
3293
3294
3297
3298
3299
3300
3302
3304
3306
3307
3308
3312
3313
3314
3319
3321
3322
3327
3328
3329
3333
3334
3336
3337
3340
3344
3345
3346
3348
3349
3350
3353
3354
3356
3357
3358
3359
3360
3367
3369
3371
3372
3373
3374
3376
3382
3383
3385
3386
3388
3391
3393
3396
3397
3399
3402
3403
3404
3406
3407
3410
3411
3412
3414
3417
3418
3419
3420
3421
3424
3429
3430
3434
3437
3438
3439
3441
3443
3444
3445
3446
3447
3448
3451
3452
3454
3455
3459
3461
3463
3465
3466
3467
3469
3470
3473
3476
3478
3483
3485
3488
3489
3490
3492
3493
3494
3495
3496
3497
3498
3499
3500
3504
3814
3821
3829
3830
3841
3844
3845
3850
3864
3868
3869
3870
3871
3873
3874
3875
3879
3886
3888
3890
3891
3895
3898
3899
3900
3902
3903
3905
3906
3908
3911
3913
3914
3915
3917
3918
3937
3978
4329
4331
4332
4333
4334
4335
4336
4337
4338
4339
4340
4341
4343
4344
4345
4346
4347
4348
4349
4350
4351
4352
4353
4354
4356
4357
4359
4360
4361
4362
4363
4364
4366
4367
4368
4369
4370
4371
4372
4373
4374
4375
4376
4377
4378
4379
4380
4381
4383
4384
4385
4386
4387
4388
4390
4391
4392
4393
4394
4395
4396
4397
4398
4399
4400
4401
4403
4405
4407
4408
4409
4410
4411
4413
4416
4417
4418
4419
4420
4421
4422
4423
4424
4425
4426
4427
4428
4429
4430
4431
4432
4433
4434
4435
4436
4437
4438
4439
4440
4441
4442
4444
4445
4447
4448
4449
4450
4451
4452
4453
4454
4455
4456
4457
4459
4461
4462
4464
4465
4466
4467
4468
4470
4471
4472
4473
4474
4476
4477
4478
4479
4480
4481
4482
4483
4484
4485
4486
4487
4489
4490
4491
4492
4493
4494
4495
4497
4498
4499
4500
4501
4503
4504
4505
4506
4507
4508
4510
4511
4512
4514
4516
4519
4520
4521
4522
4523
4524
4527
4528
4529
4530
4531
4532
4533
4535
4536
4537
4538
4540
4541
4542
4544
4545
4546
4559
4560
4567
4572
4575
4577
4578
4579
4587
4589
4592
4594
4598
4600
4603
4604
4606
4607
4611
4612
4617
4619
4622
4628
4630
4632
4634
4635
4636
4637
4638
4716
4721
4782
4857
4860
4893
4894
4896
4897
4898
4908
4909
4911
4914
4933
4934
