9584
3
4
5
6
8
9
10
11
12
14
16
18
20
22
23
26
28
29
31
32
33
35
36
39
40
41
42
43
45
373
538
539
540
541
542
543
544
545
546
547
548
549
551
552
553
554
555
556
557
558
559
561
562
563
564
565
566
568
569
570
571
572
573
575
576
577
578
579
580
581
582
583
584
585
586
587
588
589
590
591
592
593
594
595
596
597
598
599
600
601
602
603
604
605
606
607
608
609
610
611
612
613
615
623
647
863
868
886
897
898
906
929
933
934
935
954
955
956
962
1220
1241
1243
1245
1246
1248
1249
1254
1255
1380
1381
1382
1383
1384
1385
1386
1387
1388
1389
1390
1391
1392
1393
1395
1396
1442
1485
1497
1521
1535
1543
1553
1564
1573
1577
1579
1588
1595
1671
1672
1674
1678
1786
1788
1790
1794
1795
1809
1824
1830
1833
1852
1859
1865
1874
1924
1925
1927
1928
1929
1930
1931
1932
1933
1934
1935
1936
1937
1938
1939
1940
1941
1942
1943
1944
1945
1946
1947
1948
1949
1950
1951
1956
1957
1958
1960
1961
1962
1963
1964
1965
1966
1967
1969
1970
1971
1972
1973
1974
1977
1978
1979
1982
1983
1984
1985
1986
1987
1988
1989
1990
1992
2024
2025
2026
2027
2029
2030
2031
2033
2035
2037
2038
2040
2041
2042
2043
2044
2045
2046
2047
2048
2049
2050
2051
2052
2053
2055
2056
2057
2058
2059
2060
2061
2062
2063
2064
2065
2066
2067
2069
2071
2072
2073
2074
2075
2076
2077
2080
2081
2082
2083
2084
2085
2086
2087
2088
2089
2090
2091
2092
2094
2096
2097
2098
2099
2100
2101
2102
2103
2105
2106
2107
2108
2109
2110
2111
2113
2114
2115
2117
2119
2123
2124
2126
2129
2130
2131
2132
2133
2135
2136
2137
2138
2139
2140
2143
2144
2145
2146
2147
2148
2149
2150
2151
2152
2153
2154
2155
2156
2157
2158
2159
2160
2162
2163
2164
2165
2166
2167
2169
2170
2171
2203
2262
2264
2265
2270
2271
2274
2276
2278
2279
2284
2285
2286
2288
2289
2294
2300
2306
2308
2313
2315
2316
2328
2331
2334
2336
2346
2347
2348
2349
2350
2351
2353
2354
2412
2413
2414
2415
2416
2417
2418
2419
2420
2488
2489
2490
2491
2492
2493
2494
2495
2496
2497
2498
2499
2500
2501
2502
2503
2504
2505
2506
2507
2508
2509
2510
2511
2512
2513
2514
2515
2516
2517
2518
2519
2520
2521
2522
2523
2524
2525
2526
2527
2528
2529
2530
2531
2532
2533
2534
2535
2536
2537
2538
2539
2540
2541
2542
2543
2544
2545
2546
2547
2548
2549
2550
2551
2552
2574
2576
2577
2580
2583
2591
2593
2595
2597
2598
2599
2606
2611
2615
2616
2617
2621
2625
2654
2655
2656
2657
2658
2659
2660
2661
2662
2663
2664
2665
2666
2667
2668
2669
2670
2671
2672
2673
2680
2688
2709
2713
2717
2729
2746
2747
2748
2753
2756
2783
2795
2797
2799
2803
2808
2813
2816
2819
2821
2827
2830
2836
2837
2846
2847
2848
2849
2850
2852
2853
2854
2855
2857
2858
2859
2862
2863
2864
2866
2867
2868
2869
2870
2871
2872
2874
2875
2876
2877
2879
2880
2881
2882
2884
2886
2887
2891
2895
2896
2897
2898
2899
2901
2923
2924
2925
2926
2927
2928
2929
2930
2952
2958
2966
2979
3030
3032
3033
3036
3037
3038
3039
3040
3041
3042
3044
3047
3048
3049
3052
3057
3058
3060
3062
3064
3066
3067
3069
3073
3076
3077
3078
3080
3081
3083
3085
3087
3089
3090
3092
3093
3094
3096
3099
3100
3101
3109
3112
3114
3116
3117
3119
3124
3131
3135
3136
3137
3138
3139
3140
3141
3144
3270
3274
3546
3548
3549
3550
3551
3552
3553
3554
3555
3556
3558
3559
3561
3562
3563
3564
3565
3566
3567
3568
3569
3570
3571
3572
3573
3574
3575
3576
3577
3578
3579
3580
3581
3582
3583
3584
3585
3586
3587
3588
3589
3590
3591
3592
3593
3594
3595
3596
3598
3600
3601
3602
3604
3605
3606
3607
3608
3609
3610
3611
3622
3624
3625
3628
3634
3638
3651
3658
3668
3669
3672
3673
3674
3681
3683
3686
3692
3700
3705
3718
3719
3720
3725
3732
3739
3743
3747
3751
3752
3754
3757
3771
3775
3790
3792
3793
3794
3795
3800
3801
3804
3806
3807
3835
3837
3840
3849
3853
3857
3859
3998
4000
4001
4002
4003
4004
4005
4006
4008
4009
4010
4011
4013
4014
4015
4016
4017
4018
4021
4022
4023
4024
4025
4026
4028
4029
4030
4031
4032
4033
4034
4036
4037
4038
4039
4040
4041
4042
4043
4044
4045
4046
4047
4049
4051
4052
4053
4054
4055
4056
4057
4059
4061
4062
4064
4066
4067
4068
4070
4071
4072
4074
4075
4076
4077
4078
4079
4080
4081
4082
4083
4084
4085
4088
4090
4093
4094
4095
4097
4101
4102
4104
4108
4109
4110
4111
4112
4113
4120
4121
4123
4124
4125
4126
4127
4130
4131
4132
4133
4136
4137
4138
4140
4141
4142
4143
4144
4145
4146
4147
4148
4149
4151
4154
4155
4158
4159
4160
4161
4162
4163
4165
4168
4170
4171
4172
4173
4174
4177
4178
4179
4180
4181
4182
4183
4184
4185
4187
4189
4190
4191
4192
4193
4194
4195
4199
4201
4203
4204
4205
4206
4207
4208
4209
4212
4214
4215
4217
4218
4220
4221
4222
4224
4225
4229
4230
4231
4232
4233
4234
4235
4236
4237
4239
4240
4241
4242
4243
4246
4247
4248
4251
4252
4253
4254
4255
4257
4258
4259
4260
4261
4262
4263
4264
4265
4267
4268
4269
4270
4273
4274
4275
4276
4277
4278
4279
4280
4281
4282
4283
4284
4285
4286
4287
4289
4290
4292
4293
4294
4295
4296
4298
4299
4300
4301
4302
4304
4307
4309
4311
4315
4316
4317
4318
4319
4322
4324
4326
4327
4547
4548
4549
4550
4551
4552
4553
4554
4555
4556
4557
4558
4639
4640
4641
4643
4644
4645
4646
4647
4648
4649
4650
4651
4652
4653
4654
4655
4656
4657
4658
4659
4660
4661
4662
4663
4664
4665
4666
4667
4668
4669
4670
4671
4672
4673
4674
4675
4676
4677
4678
4679
4680
4681
4682
4683
4684
4685
4686
4687
4688
4773
4774
4775
4776
4777
4778
4779
4780
4781
4790
4796
4814
4815
4816
4817
4818
4819
4820
4821
4822
4823
4824
4825
4826
4827
4828
4829
4830
4831
4832
4833
4834
4835
4836
4837
4838
4839
4840
4841
4842
4843
4844
4845
4846
4847
4849
4850
4851
4852
4853
4854
4855
4888
4889
4891
4892
4918
5040
5252
5261
5287
5306
5309
5328
5334
5335
5357
5361
5368
5454
5455
5456
5457
5458
5459
5460
5461
5462
5463
5464
5465
5466
5467
5562
5563
5564
5565
5566
5567
5568
5569
5570
5572
5573
5574
5579
5580
5581
5583
5584
5586
5587
5589
5591
5592
5593
5594
5596
5597
5598
5599
5600
5601
5602
5603
5604
5605
5606
5608
5609
5611
5612
5613
5614
5615
5616
5617
5618
5619
5620
5621
5622
5623
5624
5625
5626
5627
5628
5629
5631
5632
5633
5634
5635
5636
5637
5638
5639
5640
5641
5643
5644
5645
5646
5647
5648
5649
5650
5652
5653
5654
5655
5656
5657
5661
5663
5665
5668
5669
5670
5671
5673
5674
5675
5676
5677
5678
5679
5680
5681
5685
5686
5687
5690
5693
5696
5697
5698
5699
5700
5701
5702
5703
5813
5814
5815
5816
5817
5818
5819
5820
5821
5822
5823
5824
5825
5826
5827
5828
5829
5830
5831
5832
5833
5834
5835
5836
5837
5838
5839
5840
5841
5842
5843
5844
5845
5846
5847
5848
5849
5850
5851
5852
5853
5854
5855
5856
5857
5858
5859
5860
5861
5862
5863
5864
5865
5866
5867
5868
5917
5918
5919
5920
5921
5922
5923
5924
5925
5926
5930
5931
5932
5933
5934
5935
5936
5937
5938
5941
5944
5945
5947
5948
5950
5951
5954
5955
5957
5958
5961
5967
5968
5969
5971
5972
5973
5977
5978
5980
5981
5984
5986
5987
5988
5989
5991
5997
5998
5999
6001
6004
6005
6011
6014
6016
6017
6020
6022
6023
6025
6542
6647
6648
6814
6852
6853
6854
6855
6856
6857
6858
6859
6860
6861
6862
6863
6864
6865
6866
6867
6868
6869
6870
6871
6872
6873
6874
6876
6877
6878
6887
6888
6889
6966
6967
6968
6969
6970
6971
6972
6973
6974
6976
6978
6981
6983
6985
6986
6987
6988
6989
6990
6991
6992
6996
6997
6998
6999
7000
7001
7002
7003
7004
7005
7006
7007
7008
7010
7011
7012
7013
7014
7015
7017
7018
7019
7020
7021
7022
7023
7024
7025
7027
7028
7030
7031
7032
7034
7035
7037
7048
7050
7051
7052
7053
7054
7055
7056
7058
7059
7062
7065
7066
7068
7071
7072
7073
7074
7075
7076
7079
7080
7081
7082
7087
7088
7089
7090
7092
7093
7097
7100
7101
7102
7104
7106
7107
7109
7110
7112
7115
7116
7118
7120
7122
7126
7127
7130
7132
7133
7135
7136
7137
7138
7139
7140
7141
7142
7143
7144
7146
7147
7149
7150
7151
7154
7155
7157
7158
7159
7160
7162
7163
7166
7167
7169
7171
7174
7176
7178
7180
7182
7183
7184
7186
7187
7189
7190
7197
7199
7202
7203
7204
7206
7207
7208
7210
7211
7212
7213
7214
7216
7217
7220
7222
7224
7225
7228
7229
7231
7233
7234
7237
7238
7239
7240
7241
7243
7244
7247
7250
7251
7252
7409
7410
7411
7412
7413
7414
7415
7416
7417
7418
7449
7450
7453
7454
7456
7457
7458
7459
7460
7461
7462
7463
7464
7465
7466
7467
7468
7469
7470
7471
7472
7473
7474
7475
7476
7477
7478
7479
7480
7481
7482
7483
7485
7486
7487
7488
7489
7490
7492
7493
7494
7495
7496
7603
7604
7605
7606
7607
7608
7609
7610
7611
7612
7613
7614
7615
7616
7617
7618
7619
7620
7621
7622
7623
7624
7625
7626
7627
7628
7629
7630
7631
7632
7633
7634
7635
7636
7638
7639
7640
7641
7642
7643
7644
7645
7651
7653
7654
7656
7824
7830
7880
7883
7891
7901
7908
7915
7933
7964
7992
7993
7994
7995
7996
7997
7998
7999
8086
8087
8088
8090
8091
8092
8093
8094
8095
8096
8097
8098
8099
8100
8102
8103
8104
8105
8106
8107
8108
8109
8110
8111
8112
8113
8114
8115
8116
8117
8118
8119
8120
8121
8274
8277
8279
8284
8287
8289
8294
8295
8303
8304
8306
8307
8309
8315
8316
8321
8325
8326
8327
8333
8335
8339
8365
8366
8367
8370
8371
8372
8373
8374
8378
8381
8382
8384
8385
8386
8389
8428
8432
8441
8447
8460
8493
8495
8496
8497
8498
8499
8500
8501
8502
8503
8504
8505
8507
8508
8509
8510
8511
8512
8513
8514
8515
8516
8517
8518
8519
8520
8521
8522
8523
8524
8525
8527
8528
8529
8530
8531
8532
8533
8534
8535
8536
8537
8538
8539
8540
8541
8542
8591
8604
8607
8626
8628
8634
8670
8686
8734
8737
8738
8745
8792
8805
8806
8807
8808
8810
8811
8814
8816
8817
8818
8820
8822
8824
8825
8826
8827
8829
8830
8832
8834
8835
8837
8840
8843
8844
8845
8846
8847
8848
8852
8854
8855
8857
8858
8861
8863
8864
8865
8867
8868
8869
8871
8873
8874
8876
8878
8879
8880
8882
8883
8889
8890
8897
8898
8899
8901
8911
9053
9054
9055
9056
9057
9058
9060
9061
9062
9064
9065
9066
9067
9068
9069
9071
9072
9073
9074
9075
9077
9078
9080
9082
9084
9086
9087
9088
9089
9090
9091
9092
9093
9095
9096
9097
9098
9099
9100
9101
9102
9103
9104
9105
9106
9107
9108
9110
9111
9112
9113
9114
9116
9118
9119
9120
9121
9122
9123
9125
9126
9127
9128
9129
9130
9131
9132
9133
9136
9137
9138
9139
9140
9142
9143
9144
9145
9146
9148
9149
9150
9151
9153
9154
9156
9157
9158
9159
9160
9161
9162
9165
9167
9168
9169
9170
9172
9176
9177
9178
9179
9180
9181
9182
9184
9185
9186
9187
9188
9189
9190
9191
9192
9193
9194
9195
9196
9199
9200
9201
9202
9205
9206
9208
9209
9210
9211
9212
9213
9215
9216
9217
9218
9220
9221
9222
9223
9224
9225
9226
9229
9230
9233
9234
9235
9236
9239
9241
9242
9243
9245
9249
9252
9253
9256
9258
9259
9261
9281
9283
9349
9356
9366
9367
9368
9370
9372
9375
9376
9378
9379
9380
9381
9382
9383
9385
9386
9388
9389
9390
9391
9395
9396
9397
9399
9400
9401
9402
9403
9404
9407
9408
9410
9411
9412
9413
9414
9415
9417
9419
9420
9512
9513
9514
9515
9521
9522
9539
9542
9565
9580
9581
9582
9583
9585
9586
9587
9588
9589
9591
9592
9623
9625
9626
9628
9630
9631
9636
9637
9638
9639
9640
9643
9646
9647
9648
9649
9654
9656
9657
9662
9663
9664
9665
9667
9670
9671
9673
9676
9684
9687
9688
9691
9694
9715
9718
9719
9720
9722
9725
9727
9728
9729
9731
9732
9735
9737
9738
9739
9740
9741
9742
9748
9749
9752
9756
9757
9760
9761
9762
9763
9764
9765
9766
9768
9769
9770
9795
9796
9849
9890
9895
9897
9898
9899
9901
9902
9906
9907
9908
9909
9910
9911
9912
9924
9925
9927
9928
9929
9969
9971
9974
