64.83772024231523 2
65.01380576737314 2
65.18989129243104 4
65.36597681748896 8
65.54206234254686 1
65.71814786760477 10
65.89423339266267 6
66.07031891772058 7
66.24640444277848 14
66.4224899678364 10
66.5985754928943 20
66.77466101795221 23
66.95074654301011 20
67.12683206806803 22
67.30291759312593 22
67.47900311818384 35
67.65508864324174 30
67.83117416829965 28
68.00725969335755 33
68.18334521841547 44
68.35943074347337 41
68.53551626853128 43
68.71160179358918 46
68.8876873186471 41
69.063772843705 68
69.23985836876291 53
69.41594389382081 54
69.59202941887872 64
69.76811494393662 76
69.94420046899454 75
70.12028599405244 79
70.29637151911035 74
70.47245704416825 80
70.64854256922617 81
70.82462809428407 93
71.00071361934198 82
71.17679914439988 86
71.3528846694578 91
71.5289701945157 97
71.70505571957361 84
71.88114124463151 77
72.05722676968942 94
72.23331229474732 96
72.40939781980524 105
72.58548334486314 99
72.76156886992105 86
72.93765439497895 87
73.11373992003686 102
73.28982544509478 94
73.46591097015268 95
73.64199649521058 105
73.81808202026849 99
73.9941675453264 87
74.1702530703843 103
74.3463385954422 100
74.52242412050012 85
74.69850964555803 97
74.87459517061593 101
75.05068069567385 108
75.22676622073175 82
75.40285174578966 93
75.57893727084756 80
75.75502279590548 82
75.93110832096338 75
76.10719384602129 97
76.28327937107919 81
76.4593648961371 84
76.635450421195 52
76.81153594625292 66
76.98762147131082 65
77.16370699636873 58
77.33979252142663 37
77.51587804648454 47
77.69196357154244 43
77.86804909660036 48
78.04413462165826 35
78.22022014671617 35
78.39630567177407 29
78.57239119683199 32
78.74847672188989 33
78.9245622469478 20
79.1006477720057 34
79.27673329706361 23
79.45281882212151 27
79.62890434717943 21
79.80498987223733 13
79.98107539729524 11
80.15716092235314 9
80.33324644741106 10
80.50933197246896 7
80.68541749752687 12
80.86150302258477 11
81.03758854764268 11
81.2136740727006 4
81.3897595977585 3
81.5658451228164 5
81.74193064787431 2
81.91801617293223 1
82.09410169799013 1
82.27018722304803 1
