4.372839450836182 0.0 1.0 0.0
7.372839450836182 0.0 1.0 0.0
10.372839450836182 1.0 0.0 0.2403846153846154
13.372839450836182 6.261866675102706e-09 0.08988280376915328 11.828926282051283
16.37283945083618 1.1658651188715172e-45 0.17164433643326982 29.006410256410255
19.37283945083618 1.705614796203166e-59 0.20630435156465635 52.97475961538461
22.37283945083618 3.0445083676245815e-89 0.24634871503950465 76.65264423076923
25.37283945083618 7.805445587440053e-81 0.22976891334724572 86.81891025641026
28.37283945083618 1.3599541327860645e-117 0.25700869160071116 91.42628205128206
31.37283945083618 1.0934693938228647e-82 0.21804114634499278 94.2207532051282
34.37283945083618 5.568872206716523e-60 0.18769583249522587 96.97516025641026
37.37283945083618 3.583172798512821e-54 0.17578729666373225 97.89663461538461
40.37283945083618 3.1023868399943603e-44 0.1585830715259054 97.75641025641026
43.37283945083618 3.095586991434929e-33 0.13740909454952932 99.01842948717949
46.37283945083618 4.86914653882468e-28 0.12431443706156642 98.95833333333333
49.37283945083618 5.1744096992513864e-30 0.12689083531726825 99.06850961538461
52.37283945083618 6.046399239744287e-32 0.12925341632113174 99.57932692307692
55.37283945083618 5.852986833897165e-25 0.1141738671100865 99.65945512820512
58.37283945083618 2.319165193095487e-30 0.1235793682806298 99.66947115384616
61.37283945083618 2.0001054375630388e-08 0.06662197324069867 99.70953525641026
64.37283945083618 2.8240175596604285e-06 0.055876436099298966 99.63942307692308
67.37283945083618 9.016504688251375e-08 0.06206374629471969 99.90985576923077
70.37283945083618 2.3534033897631254e-13 0.07871435739627673 99.7295673076923
73.37283945083618 8.692092568520794e-18 0.08870972131502707 99.55929487179488
76.37283945083618 2.8071980125483067e-14 0.07906201475047914 99.82972756410257
79.37283945083618 3.384379941623813e-11 0.06949518250170582 99.89983974358974
82.37283945083618 4.5851204221500056e-09 0.06201809319590401 99.96995192307692
85.37283945083618 0.0022964472875558204 0.03488876557159852 99.73958333333333
88.37283945083618 0.01905663798986566 0.023462989698569962 99.6895032051282
91.37283945083618 0.04028093740412806 0.020524990130570346 99.80969551282051
94.37283945083618 0.1706283556139207 0.013712850430152999 99.83974358974359
97.37283945083618 0.23872972271774778 0.011791114519905386 99.93990384615384
100.37283945083618 1.0 0.0 99.85977564102564
103.37283945083618 1.0 0.0 99.9599358974359
106.37283945083618 1.0 0.0 99.96995192307692
109.37283945083618 1.0 0.0 99.98998397435898
112.37283945083618 1.0 0.0 100.0
115.37283945083618 1.0 0.0 100.0
118.37283945083618 1.0 0.0 100.0
121.37283945083618 1.0 0.0 100.0
124.37283945083618 1.0 0.0 100.0
127.37283945083618 1.0 0.0 100.0
130.37283945083618 1.0 0.0 100.0
133.37283945083618 1.0 0.0 100.0
136.37283945083618 1.0 0.0 100.0
139.37283945083618 1.0 0.0 100.0
142.37283945083618 1.0 0.0 100.0
145.37283945083618 1.0 0.0 100.0
148.37283945083618 1.0 0.0 100.0
151.37283945083618 1.0 0.0 100.0
154.37283945083618 1.0 0.0 100.0
157.37283945083618 1.0 0.0 100.0
160.37283945083618 1.0 0.0 100.0
163.37283945083618 1.0 0.0 100.0
166.37283945083618 1.0 0.0 100.0
169.37283945083618 1.0 0.0 100.0
172.37283945083618 1.0 0.0 100.0
175.37283945083618 1.0 0.0 100.0
178.37283945083618 1.0 0.0 100.0
