64.59705871800337 2
64.7798763954884 1
64.96269407297343 1
65.14551175045847 4
65.3283294279435 3
65.51114710542852 5
65.69396478291355 7
65.87678246039859 10
66.05960013788362 9
66.24241781536865 8
66.42523549285369 15
66.60805317033872 16
66.79087084782375 23
66.97368852530879 18
67.1565062027938 24
67.33932388027884 23
67.52214155776387 34
67.70495923524891 25
67.88777691273394 44
68.07059459021897 34
68.25341226770401 32
68.43622994518904 42
68.61904762267407 43
68.80186530015911 46
68.98468297764413 56
69.16750065512916 57
69.3503183326142 63
69.53313601009923 66
69.71595368758426 55
69.8987713650693 78
70.08158904255433 66
70.26440672003936 80
70.4472243975244 77
70.63004207500941 81
70.81285975249445 72
70.99567742997948 103
71.17849510746451 72
71.36131278494955 80
71.54413046243458 98
71.72694813991961 85
71.90976581740465 82
72.09258349488968 106
72.2754011723747 82
72.45821884985973 87
72.64103652734477 101
72.8238542048298 90
73.00667188231483 104
73.18948955979987 87
73.3723072372849 91
73.55512491476993 113
73.73794259225497 98
73.92076026973999 106
74.10357794722502 94
74.28639562471005 90
74.46921330219509 107
74.65203097968012 98
74.83484865716515 91
75.01766633465019 101
75.20048401213522 95
75.38330168962025 101
75.56611936710527 98
75.7489370445903 79
75.93175472207534 84
76.11457239956037 79
76.2973900770454 79
76.48020775453044 81
76.66302543201547 60
76.8458431095005 69
77.02866078698554 64
77.21147846447056 58
77.39429614195559 81
77.57711381944063 55
77.75993149692566 44
77.9427491744107 47
78.12556685189573 40
78.30838452938076 46
78.4912022068658 33
78.67401988435083 33
78.85683756183585 38
79.03965523932088 34
79.22247291680591 22
79.40529059429095 25
79.58810827177598 20
79.77092594926101 11
79.95374362674605 13
80.13656130423108 10
80.31937898171611 9
80.50219665920113 9
80.68501433668618 6
80.8678320141712 6
81.05064969165623 4
81.23346736914127 3
81.4162850466263 1
81.59910272411133 5
81.78192040159637 1
81.9647380790814 3
82.14755575656642 0
82.33037343405147 1
82.51319111153649 1
82.69600878902152 1
